0.223622,0.070746,0.972105,0.021504
-0.239197,0.970845,-0.015630,-0.023983
-0.944869,-0.229030,0.234025,3.618763
0.000000,0.000000,0.000000,1.000000

0.219258,0.070947,0.973084,0.018953
-0.239466,0.970759,-0.016820,-0.024007
-0.945824,-0.229332,0.229836,3.618686
0.000000,0.000000,0.000000,1.000000

0.214889,0.071146,0.974044,0.016400
-0.239724,0.970674,-0.018013,-0.024024
-0.946760,-0.229631,0.225643,3.618641
0.000000,0.000000,0.000000,1.000000

0.210516,0.071344,0.974984,0.013848
-0.239971,0.970590,-0.019208,-0.024034
-0.947680,-0.229925,0.221446,3.618628
0.000000,0.000000,0.000000,1.000000

0.206140,0.071540,0.975904,0.011295
-0.240209,0.970507,-0.020405,-0.024039
-0.948581,-0.230214,0.217244,3.618646
0.000000,0.000000,0.000000,1.000000

0.201759,0.071735,0.976805,0.008742
-0.240436,0.970425,-0.021605,-0.024037
-0.949465,-0.230500,0.213039,3.618696
0.000000,0.000000,0.000000,1.000000

0.197374,0.071929,0.977686,0.006189
-0.240652,0.970343,-0.022806,-0.024029
-0.950331,-0.230781,0.208831,3.618778
0.000000,0.000000,0.000000,1.000000

0.192987,0.072121,0.978547,0.003637
-0.240858,0.970263,-0.024009,-0.024015
-0.951180,-0.231058,0.204619,3.618891
0.000000,0.000000,0.000000,1.000000

0.188595,0.072311,0.979389,0.001084
-0.241054,0.970184,-0.025213,-0.023995
-0.952011,-0.231330,0.200403,3.619037
0.000000,0.000000,0.000000,1.000000

0.184201,0.072500,0.980211,-0.001469
-0.241239,0.970106,-0.026420,-0.023969
-0.952824,-0.231599,0.196184,3.619214
0.000000,0.000000,0.000000,1.000000

0.179803,0.072688,0.981013,-0.004021
-0.241414,0.970029,-0.027627,-0.023936
-0.953620,-0.231863,0.191962,3.619422
0.000000,0.000000,0.000000,1.000000

0.175402,0.072874,0.981796,-0.006572
-0.241578,0.969953,-0.028836,-0.023897
-0.954397,-0.232122,0.187737,3.619662
0.000000,0.000000,0.000000,1.000000

0.170999,0.073059,0.982559,-0.009124
-0.241732,0.969878,-0.030046,-0.023852
-0.955157,-0.232378,0.183509,3.619934
0.000000,0.000000,0.000000,1.000000

0.166593,0.073242,0.983302,-0.011674
-0.241875,0.969804,-0.031258,-0.023801
-0.955899,-0.232629,0.179278,3.620237
0.000000,0.000000,0.000000,1.000000

0.162185,0.073424,0.984025,-0.014224
-0.242007,0.969731,-0.032470,-0.023743
-0.956624,-0.232875,0.175045,3.620572
0.000000,0.000000,0.000000,1.000000

0.157774,0.073604,0.984728,-0.016774
-0.242130,0.969659,-0.033683,-0.023680
-0.957330,-0.233117,0.170808,3.620938
0.000000,0.000000,0.000000,1.000000

0.153361,0.073783,0.985412,-0.019322
-0.242241,0.969588,-0.034898,-0.023610
-0.958019,-0.233355,0.166570,3.621336
0.000000,0.000000,0.000000,1.000000

0.148946,0.073960,0.986076,-0.021869
-0.242342,0.969519,-0.036112,-0.023534
-0.958689,-0.233589,0.162329,3.621766
0.000000,0.000000,0.000000,1.000000

0.144529,0.074135,0.986719,-0.024416
-0.242433,0.969450,-0.037328,-0.023452
-0.959342,-0.233818,0.158087,3.622226
0.000000,0.000000,0.000000,1.000000

0.140111,0.074309,0.987343,-0.026961
-0.242513,0.969382,-0.038544,-0.023364
-0.959977,-0.234043,0.153842,3.622718
0.000000,0.000000,0.000000,1.000000

0.135690,0.074482,0.987948,-0.029505
-0.242582,0.969316,-0.039760,-0.023270
-0.960595,-0.234263,0.149595,3.623241
0.000000,0.000000,0.000000,1.000000

0.131269,0.074653,0.988532,-0.032048
-0.242641,0.969250,-0.040976,-0.023170
-0.961194,-0.234479,0.145346,3.623796
0.000000,0.000000,0.000000,1.000000

0.126846,0.074823,0.989096,-0.034590
-0.242689,0.969186,-0.042193,-0.023063
-0.961775,-0.234691,0.141096,3.624382
0.000000,0.000000,0.000000,1.000000

0.122423,0.074990,0.989641,-0.037130
-0.242727,0.969123,-0.043409,-0.022951
-0.962339,-0.234898,0.136845,3.624999
0.000000,0.000000,0.000000,1.000000

0.117998,0.075157,0.990166,-0.039668
-0.242754,0.969061,-0.044626,-0.022832
-0.962885,-0.235101,0.132592,3.625647
0.000000,0.000000,0.000000,1.000000

0.113572,0.075322,0.990670,-0.042205
-0.242771,0.969000,-0.045842,-0.022708
-0.963412,-0.235300,0.128337,3.626326
0.000000,0.000000,0.000000,1.000000

0.109146,0.075485,0.991155,-0.044740
-0.242777,0.968940,-0.047058,-0.022577
-0.963922,-0.235494,0.124082,3.627036
0.000000,0.000000,0.000000,1.000000

0.104720,0.075647,0.991621,-0.047274
-0.242773,0.968881,-0.048274,-0.022441
-0.964414,-0.235684,0.119826,3.627777
0.000000,0.000000,0.000000,1.000000

0.100293,0.075807,0.992066,-0.049805
-0.242758,0.968824,-0.049489,-0.022298
-0.964888,-0.235869,0.115569,3.628549
0.000000,0.000000,0.000000,1.000000

0.095866,0.075965,0.992491,-0.052335
-0.242733,0.968767,-0.050704,-0.022149
-0.965345,-0.236050,0.111311,3.629351
0.000000,0.000000,0.000000,1.000000

0.091438,0.076123,0.992897,-0.054862
-0.242698,0.968712,-0.051918,-0.021995
-0.965783,-0.236226,0.107052,3.630184
0.000000,0.000000,0.000000,1.000000

0.087011,0.076278,0.993283,-0.057387
-0.242652,0.968657,-0.053131,-0.021834
-0.966204,-0.236399,0.102793,3.631048
0.000000,0.000000,0.000000,1.000000

0.082585,0.076432,0.993649,-0.059910
-0.242595,0.968604,-0.054343,-0.021668
-0.966606,-0.236566,0.098534,3.631943
0.000000,0.000000,0.000000,1.000000

0.078159,0.076584,0.993995,-0.062431
-0.242528,0.968552,-0.055554,-0.021496
-0.966991,-0.236730,0.094274,3.632868
0.000000,0.000000,0.000000,1.000000

0.073733,0.076735,0.994321,-0.064950
-0.242451,0.968502,-0.056764,-0.021318
-0.967358,-0.236889,0.090015,3.633823
0.000000,0.000000,0.000000,1.000000

0.069308,0.076884,0.994628,-0.067466
-0.242363,0.968452,-0.057972,-0.021134
-0.967707,-0.237043,0.085755,3.634809
0.000000,0.000000,0.000000,1.000000

0.064884,0.077032,0.994915,-0.069979
-0.242265,0.968404,-0.059179,-0.020944
-0.968038,-0.237194,0.081496,3.635825
0.000000,0.000000,0.000000,1.000000

0.060461,0.077177,0.995182,-0.072490
-0.242157,0.968356,-0.060385,-0.020749
-0.968351,-0.237339,0.077237,3.636871
0.000000,0.000000,0.000000,1.000000

0.056039,0.077322,0.995430,-0.074998
-0.242038,0.968310,-0.061589,-0.020547
-0.968647,-0.237481,0.072978,3.637947
0.000000,0.000000,0.000000,1.000000

0.051619,0.077465,0.995658,-0.077503
-0.241909,0.968265,-0.062792,-0.020340
-0.968925,-0.237618,0.068720,3.639053
0.000000,0.000000,0.000000,1.000000

0.047200,0.077606,0.995866,-0.080005
-0.241770,0.968221,-0.063993,-0.020128
-0.969185,-0.237750,0.064462,3.640189
0.000000,0.000000,0.000000,1.000000

0.042782,0.077745,0.996055,-0.082505
-0.241621,0.968178,-0.065191,-0.019909
-0.969427,-0.237879,0.060206,3.641355
0.000000,0.000000,0.000000,1.000000

0.038367,0.077883,0.996224,-0.085001
-0.241461,0.968137,-0.066388,-0.019685
-0.969652,-0.238002,0.055950,3.642550
0.000000,0.000000,0.000000,1.000000

0.033953,0.078020,0.996373,-0.087494
-0.241292,0.968097,-0.067583,-0.019456
-0.969859,-0.238122,0.051695,3.643775
0.000000,0.000000,0.000000,1.000000

0.029541,0.078154,0.996503,-0.089985
-0.241112,0.968057,-0.068776,-0.019220
-0.970048,-0.238237,0.047442,3.645030
0.000000,0.000000,0.000000,1.000000

0.025132,0.078287,0.996614,-0.092471
-0.240922,0.968019,-0.069966,-0.018980
-0.970219,-0.238348,0.043189,3.646314
0.000000,0.000000,0.000000,1.000000

0.020725,0.078419,0.996705,-0.094955
-0.240722,0.967983,-0.071154,-0.018733
-0.970373,-0.238454,0.038939,3.647627
0.000000,0.000000,0.000000,1.000000

0.016320,0.078549,0.996777,-0.097435
-0.240512,0.967947,-0.072339,-0.018481
-0.970509,-0.238556,0.034689,3.648969
0.000000,0.000000,0.000000,1.000000

0.011919,0.078677,0.996829,-0.099911
-0.240292,0.967912,-0.073522,-0.018224
-0.970628,-0.238653,0.030442,3.650340
0.000000,0.000000,0.000000,1.000000

0.007519,0.078804,0.996862,-0.102384
-0.240062,0.967879,-0.074702,-0.017961
-0.970728,-0.238747,0.026196,3.651740
0.000000,0.000000,0.000000,1.000000

0.003123,0.078929,0.996875,-0.104854
-0.239822,0.967847,-0.075879,-0.017693
-0.970812,-0.238836,0.021952,3.653169
0.000000,0.000000,0.000000,1.000000

-0.001270,0.079052,0.996870,-0.107319
-0.239572,0.967816,-0.077054,-0.017419
-0.970878,-0.238920,0.017710,3.654627
0.000000,0.000000,0.000000,1.000000

-0.005660,0.079174,0.996845,-0.109781
-0.239313,0.967786,-0.078225,-0.017140
-0.970926,-0.239000,0.013470,3.656113
0.000000,0.000000,0.000000,1.000000

-0.010046,0.079294,0.996801,-0.112239
-0.239043,0.967758,-0.079393,-0.016856
-0.970957,-0.239076,0.009232,3.657628
0.000000,0.000000,0.000000,1.000000

-0.014429,0.079413,0.996737,-0.114693
-0.238764,0.967730,-0.080559,-0.016567
-0.970970,-0.239148,0.004997,3.659171
0.000000,0.000000,0.000000,1.000000

-0.018809,0.079530,0.996655,-0.117143
-0.238475,0.967704,-0.081720,-0.016272
-0.970966,-0.239215,0.000764,3.660742
0.000000,0.000000,0.000000,1.000000

-0.023185,0.079645,0.996554,-0.119589
-0.238177,0.967679,-0.082879,-0.015972
-0.970945,-0.239278,-0.003466,3.662341
0.000000,0.000000,0.000000,1.000000

-0.027556,0.079759,0.996433,-0.122031
-0.237869,0.967655,-0.084034,-0.015667
-0.970906,-0.239336,-0.007693,3.663968
0.000000,0.000000,0.000000,1.000000

-0.031924,0.079871,0.996294,-0.124468
-0.237551,0.967633,-0.085186,-0.015357
-0.970850,-0.239390,-0.011917,3.665623
0.000000,0.000000,0.000000,1.000000

-0.036288,0.079982,0.996136,-0.126902
-0.237224,0.967611,-0.086333,-0.015041
-0.970777,-0.239440,-0.016139,3.667305
0.000000,0.000000,0.000000,1.000000

-0.040647,0.080091,0.995958,-0.129331
-0.236887,0.967591,-0.087478,-0.014721
-0.970686,-0.239486,-0.020357,3.669015
0.000000,0.000000,0.000000,1.000000

-0.045002,0.080198,0.995763,-0.131755
-0.236541,0.967572,-0.088618,-0.014396
-0.970579,-0.239527,-0.024573,3.670752
0.000000,0.000000,0.000000,1.000000

-0.049353,0.080304,0.995548,-0.134175
-0.236186,0.967554,-0.089754,-0.014065
-0.970454,-0.239564,-0.028785,3.672517
0.000000,0.000000,0.000000,1.000000

-0.053698,0.080408,0.995315,-0.136590
-0.235821,0.967537,-0.090887,-0.013730
-0.970312,-0.239597,-0.032993,3.674309
0.000000,0.000000,0.000000,1.000000

-0.058039,0.080510,0.995063,-0.139001
-0.235447,0.967521,-0.092015,-0.013390
-0.970153,-0.239625,-0.037198,3.676127
0.000000,0.000000,0.000000,1.000000

-0.062375,0.080611,0.994792,-0.141407
-0.235064,0.967507,-0.093139,-0.013045
-0.969976,-0.239650,-0.041400,3.677973
0.000000,0.000000,0.000000,1.000000

-0.066706,0.080711,0.994503,-0.143808
-0.234672,0.967494,-0.094259,-0.012695
-0.969783,-0.239670,-0.045597,3.679845
0.000000,0.000000,0.000000,1.000000

-0.071032,0.080808,0.994195,-0.146205
-0.234270,0.967482,-0.095375,-0.012341
-0.969573,-0.239685,-0.049791,3.681743
0.000000,0.000000,0.000000,1.000000

-0.075352,0.080904,0.993869,-0.148596
-0.233860,0.967471,-0.096486,-0.011981
-0.969346,-0.239697,-0.053981,3.683668
0.000000,0.000000,0.000000,1.000000

-0.079667,0.080999,0.993525,-0.150983
-0.233441,0.967461,-0.097592,-0.011617
-0.969102,-0.239704,-0.058167,3.685619
0.000000,0.000000,0.000000,1.000000

-0.083977,0.081091,0.993163,-0.153364
-0.233012,0.967453,-0.098695,-0.011249
-0.968841,-0.239707,-0.062348,3.687596
0.000000,0.000000,0.000000,1.000000

-0.088280,0.081183,0.992782,-0.155741
-0.232575,0.967445,-0.099792,-0.010875
-0.968564,-0.239706,-0.066525,3.689599
0.000000,0.000000,0.000000,1.000000

-0.092578,0.081272,0.992383,-0.158112
-0.232129,0.967439,-0.100884,-0.010497
-0.968269,-0.239701,-0.070698,3.691627
0.000000,0.000000,0.000000,1.000000

-0.096870,0.081360,0.991966,-0.160478
-0.231674,0.967434,-0.101972,-0.010115
-0.967958,-0.239691,-0.074866,3.693681
0.000000,0.000000,0.000000,1.000000

-0.101156,0.081447,0.991531,-0.162839
-0.231211,0.967430,-0.103055,-0.009728
-0.967631,-0.239677,-0.079030,3.695761
0.000000,0.000000,0.000000,1.000000

-0.105436,0.081531,0.991078,-0.165194
-0.230739,0.967427,-0.104133,-0.009337
-0.967286,-0.239660,-0.083189,3.697865
0.000000,0.000000,0.000000,1.000000

-0.109709,0.081615,0.990607,-0.167545
-0.230258,0.967426,-0.105206,-0.008942
-0.966926,-0.239638,-0.087343,3.699995
0.000000,0.000000,0.000000,1.000000

-0.113976,0.081696,0.990119,-0.169889
-0.229769,0.967425,-0.106273,-0.008542
-0.966548,-0.239611,-0.091492,3.702149
0.000000,0.000000,0.000000,1.000000

-0.118237,0.081776,0.989612,-0.172229
-0.229272,0.967426,-0.107336,-0.008137
-0.966155,-0.239581,-0.095637,3.704329
0.000000,0.000000,0.000000,1.000000

-0.122491,0.081855,0.989088,-0.174562
-0.228766,0.967428,-0.108393,-0.007729
-0.965744,-0.239547,-0.099776,3.706532
0.000000,0.000000,0.000000,1.000000

-0.126738,0.081932,0.988547,-0.176890
-0.228252,0.967431,-0.109445,-0.007316
-0.965318,-0.239508,-0.103909,3.708760
0.000000,0.000000,0.000000,1.000000

-0.130979,0.082007,0.987988,-0.179213
-0.227729,0.967435,-0.110491,-0.006899
-0.964875,-0.239466,-0.108038,3.711013
0.000000,0.000000,0.000000,1.000000

-0.135212,0.082081,0.987411,-0.181529
-0.227199,0.967441,-0.111532,-0.006478
-0.964416,-0.239419,-0.112161,3.713289
0.000000,0.000000,0.000000,1.000000

-0.139438,0.082153,0.986817,-0.183840
-0.226660,0.967447,-0.112568,-0.006053
-0.963941,-0.239368,-0.116278,3.715589
0.000000,0.000000,0.000000,1.000000

-0.143657,0.082223,0.986206,-0.186145
-0.226113,0.967455,-0.113597,-0.005624
-0.963450,-0.239313,-0.120390,3.717913
0.000000,0.000000,0.000000,1.000000

-0.147869,0.082292,0.985577,-0.188444
-0.225559,0.967463,-0.114621,-0.005191
-0.962942,-0.239254,-0.124496,3.720260
0.000000,0.000000,0.000000,1.000000

-0.152074,0.082360,0.984932,-0.190738
-0.224996,0.967473,-0.115639,-0.004755
-0.962419,-0.239191,-0.128597,3.722630
0.000000,0.000000,0.000000,1.000000

-0.156271,0.082426,0.984269,-0.193025
-0.224426,0.967484,-0.116652,-0.004314
-0.961880,-0.239124,-0.132691,3.725023
0.000000,0.000000,0.000000,1.000000

-0.160460,0.082490,0.983589,-0.195306
-0.223847,0.967496,-0.117658,-0.003869
-0.961324,-0.239053,-0.136780,3.727440
0.000000,0.000000,0.000000,1.000000

-0.164642,0.082553,0.982893,-0.197581
-0.223262,0.967509,-0.118659,-0.003421
-0.960753,-0.238978,-0.140862,3.729879
0.000000,0.000000,0.000000,1.000000

-0.168816,0.082614,0.982179,-0.199851
-0.222668,0.967524,-0.119653,-0.002969
-0.960167,-0.238900,-0.144938,3.732340
0.000000,0.000000,0.000000,1.000000

-0.172982,0.082673,0.981449,-0.202113
-0.222067,0.967539,-0.120642,-0.002513
-0.959564,-0.238817,-0.149008,3.734824
0.000000,0.000000,0.000000,1.000000

-0.177140,0.082732,0.980702,-0.204370
-0.221459,0.967555,-0.121624,-0.002053
-0.958946,-0.238730,-0.153072,3.737330
0.000000,0.000000,0.000000,1.000000

-0.181290,0.082788,0.979939,-0.206621
-0.220843,0.967573,-0.122600,-0.001590
-0.958312,-0.238639,-0.157129,3.739858
0.000000,0.000000,0.000000,1.000000

-0.185432,0.082843,0.979159,-0.208865
-0.220220,0.967592,-0.123570,-0.001124
-0.957663,-0.238544,-0.161179,3.742408
0.000000,0.000000,0.000000,1.000000

-0.189566,0.082897,0.978362,-0.211103
-0.219590,0.967611,-0.124533,-0.000654
-0.956998,-0.238445,-0.165223,3.744979
0.000000,0.000000,0.000000,1.000000

-0.193691,0.082949,0.977550,-0.213334
-0.218952,0.967632,-0.125490,-0.000180
-0.956318,-0.238343,-0.169260,3.747572
0.000000,0.000000,0.000000,1.000000

-0.197808,0.082999,0.976721,-0.215559
-0.218307,0.967654,-0.126441,0.000297
-0.955622,-0.238236,-0.173290,3.750186
0.000000,0.000000,0.000000,1.000000

-0.201916,0.083048,0.975875,-0.217777
-0.217656,0.967677,-0.127385,0.000777
-0.954911,-0.238126,-0.177314,3.752820
0.000000,0.000000,0.000000,1.000000

-0.206016,0.083095,0.975014,-0.219989
-0.216997,0.967701,-0.128322,0.001260
-0.954185,-0.238012,-0.181330,3.755476
0.000000,0.000000,0.000000,1.000000

-0.210107,0.083141,0.974137,-0.222195
-0.216332,0.967726,-0.129253,0.001747
-0.953444,-0.237894,-0.185340,3.758152
0.000000,0.000000,0.000000,1.000000

-0.214189,0.083185,0.973244,-0.224394
-0.215659,0.967752,-0.130178,0.002237
-0.952688,-0.237772,-0.189342,3.760848
0.000000,0.000000,0.000000,1.000000

-0.218262,0.083228,0.972335,-0.226586
-0.214980,0.967780,-0.131095,0.002730
-0.951917,-0.237646,-0.193337,3.763565
0.000000,0.000000,0.000000,1.000000

-0.222326,0.083270,0.971410,-0.228771
-0.214295,0.967808,-0.132006,0.003226
-0.951130,-0.237517,-0.197325,3.766301
0.000000,0.000000,0.000000,1.000000

-0.226381,0.083309,0.970470,-0.230950
-0.213603,0.967837,-0.132910,0.003726
-0.950329,-0.237383,-0.201305,3.769057
0.000000,0.000000,0.000000,1.000000

-0.230427,0.083348,0.969514,-0.233122
-0.212904,0.967867,-0.133808,0.004228
-0.949513,-0.237246,-0.205278,3.771833
0.000000,0.000000,0.000000,1.000000

-0.234464,0.083385,0.968542,-0.235287
-0.212199,0.967899,-0.134698,0.004733
-0.948682,-0.237105,-0.209243,3.774628
0.000000,0.000000,0.000000,1.000000

-0.238491,0.083420,0.967555,-0.237446
-0.211487,0.967931,-0.135582,0.005241
-0.947837,-0.236961,-0.213201,3.777442
0.000000,0.000000,0.000000,1.000000

-0.242509,0.083454,0.966553,-0.239597
-0.210770,0.967965,-0.136458,0.005752
-0.946977,-0.236812,-0.217151,3.780275
0.000000,0.000000,0.000000,1.000000

-0.246518,0.083486,0.965536,-0.241742
-0.210046,0.967999,-0.137328,0.006266
-0.946102,-0.236660,-0.221093,3.783127
0.000000,0.000000,0.000000,1.000000

-0.250517,0.083517,0.964503,-0.243880
-0.209316,0.968034,-0.138190,0.006782
-0.945213,-0.236505,-0.225028,3.785997
0.000000,0.000000,0.000000,1.000000

-0.254507,0.083547,0.963455,-0.246011
-0.208580,0.968071,-0.139045,0.007302
-0.944310,-0.236345,-0.228954,3.788886
0.000000,0.000000,0.000000,1.000000

-0.258486,0.083575,0.962393,-0.248134
-0.207838,0.968108,-0.139894,0.007824
-0.943392,-0.236182,-0.232873,3.791792
0.000000,0.000000,0.000000,1.000000

-0.262456,0.083601,0.961315,-0.250251
-0.207090,0.968146,-0.140735,0.008348
-0.942460,-0.236016,-0.236783,3.794717
0.000000,0.000000,0.000000,1.000000

-0.266417,0.083626,0.960223,-0.252361
-0.206336,0.968186,-0.141569,0.008875
-0.941513,-0.235845,-0.240686,3.797659
0.000000,0.000000,0.000000,1.000000

-0.270367,0.083650,0.959116,-0.254464
-0.205577,0.968226,-0.142395,0.009405
-0.940553,-0.235671,-0.244580,3.800618
0.000000,0.000000,0.000000,1.000000

-0.274307,0.083672,0.957995,-0.256559
-0.204812,0.968267,-0.143214,0.009937
-0.939578,-0.235494,-0.248466,3.803595
0.000000,0.000000,0.000000,1.000000

-0.278238,0.083693,0.956859,-0.258648
-0.204042,0.968310,-0.144026,0.010471
-0.938590,-0.235313,-0.252343,3.806588
0.000000,0.000000,0.000000,1.000000

-0.282158,0.083713,0.955709,-0.260729
-0.203265,0.968353,-0.144831,0.011008
-0.937587,-0.235128,-0.256213,3.809599
0.000000,0.000000,0.000000,1.000000

-0.286068,0.083731,0.954544,-0.262803
-0.202484,0.968397,-0.145628,0.011547
-0.936571,-0.234940,-0.260073,3.812626
0.000000,0.000000,0.000000,1.000000

-0.289968,0.083747,0.953365,-0.264870
-0.201697,0.968442,-0.146418,0.012088
-0.935541,-0.234748,-0.263926,3.815669
0.000000,0.000000,0.000000,1.000000

-0.293858,0.083762,0.952172,-0.266930
-0.200905,0.968488,-0.147201,0.012632
-0.934497,-0.234553,-0.267769,3.818728
0.000000,0.000000,0.000000,1.000000

-0.297737,0.083776,0.950965,-0.268982
-0.200108,0.968535,-0.147976,0.013178
-0.933440,-0.234354,-0.271604,3.821803
0.000000,0.000000,0.000000,1.000000

-0.301606,0.083788,0.949744,-0.271027
-0.199306,0.968583,-0.148743,0.013726
-0.932369,-0.234151,-0.275431,3.824894
0.000000,0.000000,0.000000,1.000000

-0.305464,0.083799,0.948509,-0.273065
-0.198499,0.968632,-0.149503,0.014276
-0.931284,-0.233946,-0.279248,3.828000
0.000000,0.000000,0.000000,1.000000

-0.309312,0.083809,0.947260,-0.275095
-0.197687,0.968681,-0.150255,0.014828
-0.930186,-0.233736,-0.283057,3.831122
0.000000,0.000000,0.000000,1.000000

-0.313149,0.083817,0.945998,-0.277118
-0.196870,0.968732,-0.151000,0.015381
-0.929075,-0.233524,-0.286857,3.834258
0.000000,0.000000,0.000000,1.000000

-0.316976,0.083824,0.944722,-0.279134
-0.196048,0.968783,-0.151737,0.015937
-0.927950,-0.233308,-0.290647,3.837410
0.000000,0.000000,0.000000,1.000000

-0.320792,0.083829,0.943433,-0.281142
-0.195221,0.968836,-0.152467,0.016495
-0.926812,-0.233088,-0.294429,3.840575
0.000000,0.000000,0.000000,1.000000

-0.324597,0.083833,0.942130,-0.283143
-0.194390,0.968889,-0.153189,0.017055
-0.925661,-0.232866,-0.298202,3.843755
0.000000,0.000000,0.000000,1.000000

-0.328392,0.083836,0.940814,-0.285137
-0.193555,0.968943,-0.153903,0.017616
-0.924497,-0.232639,-0.301966,3.846950
0.000000,0.000000,0.000000,1.000000

-0.332175,0.083837,0.939484,-0.287123
-0.192715,0.968998,-0.154610,0.018179
-0.923320,-0.232410,-0.305720,3.850158
0.000000,0.000000,0.000000,1.000000

-0.335948,0.083837,0.938142,-0.289101
-0.191870,0.969054,-0.155308,0.018744
-0.922131,-0.232177,-0.309466,3.853379
0.000000,0.000000,0.000000,1.000000

-0.339710,0.083836,0.936786,-0.291072
-0.191021,0.969110,-0.156000,0.019310
-0.920928,-0.231941,-0.313202,3.856615
0.000000,0.000000,0.000000,1.000000

-0.343461,0.083833,0.935418,-0.293036
-0.190168,0.969168,-0.156683,0.019878
-0.919712,-0.231701,-0.316929,3.859863
0.000000,0.000000,0.000000,1.000000

-0.347201,0.083829,0.934037,-0.294992
-0.189311,0.969226,-0.157359,0.020448
-0.918484,-0.231459,-0.320646,3.863124
0.000000,0.000000,0.000000,1.000000

-0.350929,0.083824,0.932643,-0.296940
-0.188450,0.969285,-0.158026,0.021019
-0.917243,-0.231212,-0.324354,3.866398
0.000000,0.000000,0.000000,1.000000

-0.354647,0.083817,0.931236,-0.298881
-0.187585,0.969345,-0.158686,0.021592
-0.915990,-0.230963,-0.328053,3.869685
0.000000,0.000000,0.000000,1.000000

-0.358353,0.083810,0.929817,-0.300815
-0.186716,0.969406,-0.159339,0.022165
-0.914724,-0.230711,-0.331742,3.872983
0.000000,0.000000,0.000000,1.000000

-0.362049,0.083800,0.928385,-0.302740
-0.185843,0.969468,-0.159983,0.022741
-0.913446,-0.230455,-0.335421,3.876294
0.000000,0.000000,0.000000,1.000000

-0.365733,0.083790,0.926941,-0.304659
-0.184966,0.969530,-0.160619,0.023317
-0.912155,-0.230196,-0.339091,3.879617
0.000000,0.000000,0.000000,1.000000

-0.369406,0.083778,0.925484,-0.306569
-0.184085,0.969594,-0.161248,0.023895
-0.910852,-0.229934,-0.342751,3.882951
0.000000,0.000000,0.000000,1.000000

-0.373067,0.083765,0.924015,-0.308472
-0.183201,0.969658,-0.161869,0.024474
-0.909537,-0.229669,-0.346401,3.886297
0.000000,0.000000,0.000000,1.000000

-0.376717,0.083750,0.922535,-0.310367
-0.182314,0.969722,-0.162482,0.025055
-0.908210,-0.229400,-0.350042,3.889653
0.000000,0.000000,0.000000,1.000000

-0.380356,0.083735,0.921042,-0.312255
-0.181423,0.969788,-0.163087,0.025636
-0.906871,-0.229129,-0.353673,3.893021
0.000000,0.000000,0.000000,1.000000

-0.383983,0.083718,0.919537,-0.314135
-0.180528,0.969854,-0.163684,0.026219
-0.905520,-0.228854,-0.357294,3.896399
0.000000,0.000000,0.000000,1.000000

-0.387599,0.083699,0.918020,-0.316008
-0.179631,0.969921,-0.164274,0.026802
-0.904157,-0.228577,-0.360905,3.899788
0.000000,0.000000,0.000000,1.000000

-0.391203,0.083680,0.916492,-0.317872
-0.178730,0.969989,-0.164855,0.027387
-0.902782,-0.228296,-0.364507,3.903187
0.000000,0.000000,0.000000,1.000000

-0.394796,0.083659,0.914952,-0.319729
-0.177825,0.970058,-0.165428,0.027973
-0.901396,-0.228012,-0.368098,3.906596
0.000000,0.000000,0.000000,1.000000

-0.398377,0.083637,0.913400,-0.321579
-0.176918,0.970127,-0.165994,0.028559
-0.899997,-0.227725,-0.371680,3.910015
0.000000,0.000000,0.000000,1.000000

-0.401947,0.083614,0.911837,-0.323420
-0.176008,0.970197,-0.166552,0.029147
-0.898588,-0.227435,-0.375251,3.913443
0.000000,0.000000,0.000000,1.000000

-0.405505,0.083590,0.910263,-0.325254
-0.175095,0.970267,-0.167101,0.029735
-0.897166,-0.227143,-0.378812,3.916880
0.000000,0.000000,0.000000,1.000000

-0.409052,0.083564,0.908677,-0.327080
-0.174179,0.970339,-0.167643,0.030324
-0.895734,-0.226847,-0.382364,3.920327
0.000000,0.000000,0.000000,1.000000

-0.412586,0.083537,0.907080,-0.328899
-0.173260,0.970411,-0.168177,0.030914
-0.894289,-0.226548,-0.385905,3.923782
0.000000,0.000000,0.000000,1.000000

-0.416110,0.083509,0.905472,-0.330710
-0.172338,0.970484,-0.168703,0.031504
-0.892834,-0.226246,-0.389436,3.927246
0.000000,0.000000,0.000000,1.000000

-0.419621,0.083480,0.903853,-0.332513
-0.171414,0.970557,-0.169221,0.032095
-0.891367,-0.225942,-0.392957,3.930719
0.000000,0.000000,0.000000,1.000000

-0.423121,0.083449,0.902222,-0.334308
-0.170487,0.970632,-0.169731,0.032687
-0.889889,-0.225634,-0.396467,3.934199
0.000000,0.000000,0.000000,1.000000

-0.426608,0.083417,0.900581,-0.336096
-0.169558,0.970706,-0.170233,0.033280
-0.888400,-0.225323,-0.399967,3.937688
0.000000,0.000000,0.000000,1.000000

-0.430085,0.083385,0.898930,-0.337876
-0.168626,0.970782,-0.170727,0.033872
-0.886901,-0.225010,-0.403457,3.941184
0.000000,0.000000,0.000000,1.000000

-0.433549,0.083350,0.897267,-0.339648
-0.167692,0.970858,-0.171213,0.034466
-0.885390,-0.224694,-0.406937,3.944687
0.000000,0.000000,0.000000,1.000000

-0.437001,0.083315,0.895594,-0.341412
-0.166756,0.970935,-0.171692,0.035060
-0.883868,-0.224375,-0.410407,3.948198
0.000000,0.000000,0.000000,1.000000

-0.440442,0.083279,0.893910,-0.343169
-0.165817,0.971012,-0.172162,0.035654
-0.882335,-0.224053,-0.413866,3.951716
0.000000,0.000000,0.000000,1.000000

-0.443871,0.083241,0.892216,-0.344918
-0.164876,0.971090,-0.172625,0.036249
-0.880792,-0.223728,-0.417314,3.955241
0.000000,0.000000,0.000000,1.000000

-0.447288,0.083203,0.890512,-0.346659
-0.163933,0.971169,-0.173079,0.036844
-0.879238,-0.223401,-0.420752,3.958772
0.000000,0.000000,0.000000,1.000000

-0.450693,0.083163,0.888797,-0.348393
-0.162988,0.971248,-0.173526,0.037439
-0.877674,-0.223070,-0.424180,3.962309
0.000000,0.000000,0.000000,1.000000

-0.454086,0.083122,0.887072,-0.350118
-0.162041,0.971328,-0.173965,0.038035
-0.876099,-0.222737,-0.427597,3.965852
0.000000,0.000000,0.000000,1.000000

-0.457467,0.083080,0.885337,-0.351836
-0.161093,0.971409,-0.174395,0.038631
-0.874513,-0.222402,-0.431004,3.969402
0.000000,0.000000,0.000000,1.000000

-0.460836,0.083036,0.883592,-0.353547
-0.160142,0.971490,-0.174818,0.039227
-0.872917,-0.222063,-0.434400,3.972957
0.000000,0.000000,0.000000,1.000000

-0.464193,0.082992,0.881837,-0.355249
-0.159190,0.971572,-0.175234,0.039823
-0.871311,-0.221722,-0.437786,3.976517
0.000000,0.000000,0.000000,1.000000

-0.467539,0.082946,0.880072,-0.356944
-0.158236,0.971654,-0.175641,0.040419
-0.869695,-0.221378,-0.441161,3.980083
0.000000,0.000000,0.000000,1.000000

-0.470872,0.082900,0.878298,-0.358631
-0.157280,0.971737,-0.176040,0.041016
-0.868068,-0.221031,-0.444525,3.983653
0.000000,0.000000,0.000000,1.000000

-0.474193,0.082852,0.876514,-0.360310
-0.156323,0.971820,-0.176432,0.041612
-0.866432,-0.220682,-0.447879,3.987228
0.000000,0.000000,0.000000,1.000000

-0.477503,0.082803,0.874720,-0.361982
-0.155365,0.971904,-0.176815,0.042208
-0.864785,-0.220330,-0.451222,3.990808
0.000000,0.000000,0.000000,1.000000

-0.480800,0.082753,0.872916,-0.363646
-0.154405,0.971989,-0.177191,0.042805
-0.863128,-0.219976,-0.454555,3.994392
0.000000,0.000000,0.000000,1.000000

-0.484085,0.082702,0.871104,-0.365302
-0.153443,0.972074,-0.177559,0.043401
-0.861462,-0.219619,-0.457877,3.997980
0.000000,0.000000,0.000000,1.000000

-0.487359,0.082650,0.869282,-0.366950
-0.152481,0.972160,-0.177919,0.043997
-0.859786,-0.219259,-0.461188,4.001571
0.000000,0.000000,0.000000,1.000000

-0.490620,0.082597,0.867450,-0.368591
-0.151517,0.972246,-0.178271,0.044593
-0.858099,-0.218897,-0.464489,4.005166
0.000000,0.000000,0.000000,1.000000

-0.493869,0.082543,0.865610,-0.370224
-0.150552,0.972333,-0.178616,0.045189
-0.856404,-0.218532,-0.467778,4.008765
0.000000,0.000000,0.000000,1.000000

-0.497107,0.082487,0.863760,-0.371849
-0.149585,0.972420,-0.178953,0.045785
-0.854698,-0.218164,-0.471057,4.012367
0.000000,0.000000,0.000000,1.000000

-0.500332,0.082431,0.861901,-0.373467
-0.148618,0.972507,-0.179282,0.046380
-0.852983,-0.217795,-0.474326,4.015971
0.000000,0.000000,0.000000,1.000000

-0.503545,0.082374,0.860033,-0.375077
-0.147650,0.972596,-0.179603,0.046976
-0.851259,-0.217422,-0.477583,4.019579
0.000000,0.000000,0.000000,1.000000

-0.506746,0.082315,0.858157,-0.376679
-0.146681,0.972684,-0.179917,0.047570
-0.849525,-0.217047,-0.480830,4.023189
0.000000,0.000000,0.000000,1.000000

-0.509935,0.082256,0.856271,-0.378273
-0.145711,0.972773,-0.180222,0.048165
-0.847782,-0.216670,-0.484066,4.026801
0.000000,0.000000,0.000000,1.000000

-0.513112,0.082195,0.854377,-0.379860
-0.144740,0.972863,-0.180520,0.048759
-0.846030,-0.216290,-0.487291,4.030415
0.000000,0.000000,0.000000,1.000000

-0.516277,0.082133,0.852474,-0.381439
-0.143769,0.972953,-0.180811,0.049353
-0.844268,-0.215908,-0.490505,4.034030
0.000000,0.000000,0.000000,1.000000

-0.519430,0.082071,0.850563,-0.383011
-0.142797,0.973044,-0.181094,0.049946
-0.842497,-0.215523,-0.493708,4.037648
0.000000,0.000000,0.000000,1.000000

-0.522570,0.082007,0.848643,-0.384575
-0.141824,0.973135,-0.181369,0.050539
-0.840718,-0.215136,-0.496901,4.041266
0.000000,0.000000,0.000000,1.000000

-0.525699,0.081943,0.846715,-0.386131
-0.140851,0.973226,-0.181636,0.051131
-0.838929,-0.214746,-0.500082,4.044886
0.000000,0.000000,0.000000,1.000000

-0.528816,0.081877,0.844778,-0.387679
-0.139877,0.973318,-0.181896,0.051723
-0.837131,-0.214354,-0.503253,4.048507
0.000000,0.000000,0.000000,1.000000

-0.531920,0.081811,0.842833,-0.389220
-0.138903,0.973411,-0.182148,0.052314
-0.835324,-0.213960,-0.506413,4.052128
0.000000,0.000000,0.000000,1.000000

-0.535013,0.081743,0.840880,-0.390754
-0.137928,0.973503,-0.182393,0.052904
-0.833509,-0.213564,-0.509562,4.055750
0.000000,0.000000,0.000000,1.000000

-0.538094,0.081674,0.838919,-0.392279
-0.136953,0.973596,-0.182630,0.053494
-0.831685,-0.213165,-0.512700,4.059372
0.000000,0.000000,0.000000,1.000000

-0.541162,0.081605,0.836949,-0.393798
-0.135978,0.973690,-0.182859,0.054084
-0.829852,-0.212763,-0.515828,4.062994
0.000000,0.000000,0.000000,1.000000

-0.544218,0.081534,0.834972,-0.395308
-0.135003,0.973784,-0.183081,0.054672
-0.828010,-0.212360,-0.518944,4.066616
0.000000,0.000000,0.000000,1.000000

-0.547263,0.081463,0.832987,-0.396811
-0.134027,0.973878,-0.183296,0.055260
-0.826160,-0.211954,-0.522049,4.070237
0.000000,0.000000,0.000000,1.000000

-0.550295,0.081390,0.830994,-0.398307
-0.133052,0.973973,-0.183503,0.055847
-0.824301,-0.211546,-0.525144,4.073858
0.000000,0.000000,0.000000,1.000000

-0.553316,0.081317,0.828993,-0.399794
-0.132076,0.974068,-0.183702,0.056433
-0.822434,-0.211136,-0.528227,4.077478
0.000000,0.000000,0.000000,1.000000

-0.556324,0.081243,0.826984,-0.401275
-0.131100,0.974164,-0.183895,0.057019
-0.820559,-0.210723,-0.531300,4.081097
0.000000,0.000000,0.000000,1.000000

-0.559320,0.081167,0.824968,-0.402747
-0.130125,0.974260,-0.184079,0.057603
-0.818675,-0.210308,-0.534362,4.084714
0.000000,0.000000,0.000000,1.000000

-0.562305,0.081091,0.822944,-0.404213
-0.129149,0.974356,-0.184256,0.058187
-0.816783,-0.209891,-0.537412,4.088330
0.000000,0.000000,0.000000,1.000000

-0.565277,0.081014,0.820913,-0.405670
-0.128174,0.974453,-0.184426,0.058770
-0.814882,-0.209472,-0.540452,4.091945
0.000000,0.000000,0.000000,1.000000

-0.568238,0.080936,0.818875,-0.407121
-0.127199,0.974550,-0.184589,0.059352
-0.812974,-0.209050,-0.543481,4.095557
0.000000,0.000000,0.000000,1.000000

-0.571186,0.080857,0.816828,-0.408564
-0.126224,0.974647,-0.184744,0.059933
-0.811057,-0.208627,-0.546499,4.099168
0.000000,0.000000,0.000000,1.000000

-0.574122,0.080777,0.814775,-0.409999
-0.125250,0.974745,-0.184892,0.060513
-0.809133,-0.208201,-0.549506,4.102776
0.000000,0.000000,0.000000,1.000000

-0.577047,0.080696,0.812715,-0.411427
-0.124275,0.974843,-0.185033,0.061092
-0.807200,-0.207773,-0.552502,4.106381
0.000000,0.000000,0.000000,1.000000

-0.579959,0.080614,0.810647,-0.412847
-0.123302,0.974941,-0.185166,0.061670
-0.805260,-0.207343,-0.555486,4.109984
0.000000,0.000000,0.000000,1.000000

-0.582860,0.080532,0.808572,-0.414260
-0.122329,0.975040,-0.185292,0.062247
-0.803312,-0.206911,-0.558460,4.113583
0.000000,0.000000,0.000000,1.000000

-0.585749,0.080448,0.806490,-0.415666
-0.121356,0.975139,-0.185411,0.062823
-0.801356,-0.206477,-0.561424,4.117180
0.000000,0.000000,0.000000,1.000000

-0.588626,0.080364,0.804401,-0.417064
-0.120384,0.975238,-0.185523,0.063397
-0.799392,-0.206040,-0.564376,4.120773
0.000000,0.000000,0.000000,1.000000

-0.591491,0.080278,0.802306,-0.418454
-0.119412,0.975337,-0.185627,0.063971
-0.797421,-0.205602,-0.567317,4.124362
0.000000,0.000000,0.000000,1.000000

-0.594344,0.080192,0.800203,-0.419838
-0.118442,0.975437,-0.185725,0.064543
-0.795442,-0.205162,-0.570247,4.127948
0.000000,0.000000,0.000000,1.000000

-0.597185,0.080105,0.798094,-0.421214
-0.117471,0.975537,-0.185815,0.065114
-0.793455,-0.204719,-0.573166,4.131530
0.000000,0.000000,0.000000,1.000000

-0.600014,0.080017,0.795977,-0.422582
-0.116502,0.975638,-0.185898,0.065684
-0.791461,-0.204275,-0.576074,4.135107
0.000000,0.000000,0.000000,1.000000

-0.602832,0.079928,0.793855,-0.423944
-0.115534,0.975738,-0.185974,0.066253
-0.789459,-0.203828,-0.578972,4.138680
0.000000,0.000000,0.000000,1.000000

-0.605637,0.079839,0.791725,-0.425298
-0.114566,0.975839,-0.186043,0.066821
-0.787450,-0.203380,-0.581858,4.142248
0.000000,0.000000,0.000000,1.000000

-0.608431,0.079748,0.789589,-0.426644
-0.113599,0.975941,-0.186105,0.067387
-0.785434,-0.202929,-0.584733,4.145812
0.000000,0.000000,0.000000,1.000000

-0.611213,0.079657,0.787447,-0.427984
-0.112633,0.976042,-0.186161,0.067952
-0.783410,-0.202477,-0.587598,4.149370
0.000000,0.000000,0.000000,1.000000

-0.613984,0.079565,0.785298,-0.429316
-0.111669,0.976144,-0.186209,0.068515
-0.781380,-0.202022,-0.590451,4.152924
0.000000,0.000000,0.000000,1.000000

-0.616742,0.079472,0.783143,-0.430641
-0.110705,0.976246,-0.186250,0.069078
-0.779342,-0.201566,-0.593294,4.156471
0.000000,0.000000,0.000000,1.000000

-0.619489,0.079378,0.780982,-0.431958
-0.109742,0.976348,-0.186284,0.069638
-0.777297,-0.201108,-0.596126,4.160014
0.000000,0.000000,0.000000,1.000000

-0.622224,0.079283,0.778814,-0.433269
-0.108781,0.976450,-0.186312,0.070198
-0.775244,-0.200647,-0.598946,4.163550
0.000000,0.000000,0.000000,1.000000

-0.624948,0.079188,0.776640,-0.434572
-0.107820,0.976553,-0.186332,0.070756
-0.773185,-0.200185,-0.601756,4.167080
0.000000,0.000000,0.000000,1.000000

-0.627659,0.079091,0.774460,-0.435868
-0.106861,0.976655,-0.186346,0.071313
-0.771119,-0.199721,-0.604555,4.170604
0.000000,0.000000,0.000000,1.000000

-0.630359,0.078994,0.772274,-0.437157
-0.105903,0.976759,-0.186353,0.071868
-0.769046,-0.199255,-0.607343,4.174122
0.000000,0.000000,0.000000,1.000000

-0.633048,0.078896,0.770082,-0.438438
-0.104947,0.976862,-0.186353,0.072421
-0.766966,-0.198788,-0.610120,4.177633
0.000000,0.000000,0.000000,1.000000

-0.635724,0.078798,0.767884,-0.439713
-0.103991,0.976965,-0.186346,0.072973
-0.764879,-0.198318,-0.612886,4.181137
0.000000,0.000000,0.000000,1.000000

-0.638390,0.078698,0.765680,-0.440980
-0.103037,0.977069,-0.186333,0.073524
-0.762786,-0.197847,-0.615642,4.184634
0.000000,0.000000,0.000000,1.000000

-0.641043,0.078598,0.763470,-0.442240
-0.102085,0.977173,-0.186313,0.074073
-0.760685,-0.197373,-0.618386,4.188124
0.000000,0.000000,0.000000,1.000000

-0.643685,0.078497,0.761254,-0.443493
-0.101134,0.977276,-0.186286,0.074621
-0.758579,-0.196898,-0.621120,4.191607
0.000000,0.000000,0.000000,1.000000

-0.646315,0.078395,0.759033,-0.444739
-0.100184,0.977381,-0.186253,0.075167
-0.756465,-0.196421,-0.623842,4.195082
0.000000,0.000000,0.000000,1.000000

-0.648934,0.078292,0.756805,-0.445978
-0.099236,0.977485,-0.186213,0.075711
-0.754345,-0.195943,-0.626554,4.198549
0.000000,0.000000,0.000000,1.000000

-0.651542,0.078189,0.754573,-0.447210
-0.098290,0.977589,-0.186167,0.076254
-0.752218,-0.195462,-0.629255,4.202008
0.000000,0.000000,0.000000,1.000000

-0.654138,0.078084,0.752334,-0.448435
-0.097345,0.977694,-0.186114,0.076795
-0.750085,-0.194980,-0.631945,4.205459
0.000000,0.000000,0.000000,1.000000

-0.656722,0.077980,0.750090,-0.449653
-0.096402,0.977799,-0.186054,0.077334
-0.747946,-0.194496,-0.634625,4.208902
0.000000,0.000000,0.000000,1.000000

-0.659295,0.077874,0.747841,-0.450864
-0.095460,0.977904,-0.185988,0.077872
-0.745800,-0.194010,-0.637293,4.212336
0.000000,0.000000,0.000000,1.000000

-0.661856,0.077767,0.745586,-0.452068
-0.094521,0.978009,-0.185916,0.078408
-0.743648,-0.193523,-0.639951,4.215762
0.000000,0.000000,0.000000,1.000000

-0.664406,0.077660,0.743326,-0.453264
-0.093583,0.978114,-0.185837,0.078942
-0.741489,-0.193034,-0.642598,4.219178
0.000000,0.000000,0.000000,1.000000

-0.666945,0.077552,0.741060,-0.454454
-0.092646,0.978219,-0.185752,0.079475
-0.739325,-0.192543,-0.645234,4.222586
0.000000,0.000000,0.000000,1.000000

-0.669472,0.077443,0.738789,-0.455637
-0.091712,0.978325,-0.185660,0.080005
-0.737154,-0.192050,-0.647859,4.225984
0.000000,0.000000,0.000000,1.000000

-0.671988,0.077334,0.736513,-0.456813
-0.090780,0.978430,-0.185562,0.080535
-0.734977,-0.191556,-0.650474,4.229373
0.000000,0.000000,0.000000,1.000000

-0.674493,0.077224,0.734231,-0.457983
-0.089849,0.978536,-0.185458,0.081062
-0.732793,-0.191060,-0.653077,4.232752
0.000000,0.000000,0.000000,1.000000

-0.676987,0.077113,0.731945,-0.459145
-0.088920,0.978642,-0.185347,0.081587
-0.730604,-0.190562,-0.655670,4.236121
0.000000,0.000000,0.000000,1.000000

-0.679469,0.077001,0.729653,-0.460300
-0.087994,0.978748,-0.185230,0.082111
-0.728409,-0.190063,-0.658253,4.239481
0.000000,0.000000,0.000000,1.000000

-0.681939,0.076889,0.727356,-0.461449
-0.087069,0.978854,-0.185107,0.082633
-0.726208,-0.189562,-0.660824,4.242830
0.000000,0.000000,0.000000,1.000000

-0.684399,0.076776,0.725054,-0.462591
-0.086146,0.978960,-0.184978,0.083153
-0.724001,-0.189059,-0.663385,4.246169
0.000000,0.000000,0.000000,1.000000

-0.686847,0.076662,0.722747,-0.463726
-0.085226,0.979066,-0.184842,0.083671
-0.721787,-0.188555,-0.665935,4.249497
0.000000,0.000000,0.000000,1.000000

-0.689285,0.076547,0.720435,-0.464854
-0.084307,0.979172,-0.184701,0.084187
-0.719569,-0.188049,-0.668475,4.252814
0.000000,0.000000,0.000000,1.000000

-0.691711,0.076432,0.718119,-0.465975
-0.083391,0.979278,-0.184553,0.084701
-0.717344,-0.187542,-0.671004,4.256121
0.000000,0.000000,0.000000,1.000000

-0.694126,0.076316,0.715797,-0.467090
-0.082477,0.979385,-0.184399,0.085214
-0.715113,-0.187033,-0.673522,4.259417
0.000000,0.000000,0.000000,1.000000

-0.696529,0.076200,0.713471,-0.468198
-0.081565,0.979491,-0.184239,0.085724
-0.712877,-0.186522,-0.676029,4.262701
0.000000,0.000000,0.000000,1.000000

-0.698922,0.076082,0.711139,-0.469299
-0.080655,0.979598,-0.184073,0.086233
-0.710635,-0.186010,-0.678526,4.265974
0.000000,0.000000,0.000000,1.000000

-0.701304,0.075964,0.708804,-0.470393
-0.079748,0.979704,-0.183902,0.086739
-0.708388,-0.185496,-0.681012,4.269236
0.000000,0.000000,0.000000,1.000000

-0.703674,0.075846,0.706463,-0.471481
-0.078843,0.979811,-0.183724,0.087244
-0.706135,-0.184981,-0.683488,4.272485
0.000000,0.000000,0.000000,1.000000

-0.706034,0.075726,0.704118,-0.472562
-0.077940,0.979918,-0.183540,0.087746
-0.703876,-0.184464,-0.685953,4.275723
0.000000,0.000000,0.000000,1.000000

-0.708383,0.075606,0.701768,-0.473636
-0.077039,0.980024,-0.183350,0.088247
-0.701612,-0.183946,-0.688407,4.278949
0.000000,0.000000,0.000000,1.000000

-0.710720,0.075486,0.699413,-0.474704
-0.076141,0.980131,-0.183155,0.088746
-0.699342,-0.183426,-0.690851,4.282163
0.000000,0.000000,0.000000,1.000000

-0.713047,0.075364,0.697054,-0.475765
-0.075246,0.980238,-0.182954,0.089242
-0.697067,-0.182905,-0.693285,4.285364
0.000000,0.000000,0.000000,1.000000

-0.715363,0.075242,0.694691,-0.476820
-0.074352,0.980345,-0.182747,0.089737
-0.694786,-0.182382,-0.695707,4.288552
0.000000,0.000000,0.000000,1.000000

-0.717667,0.075120,0.692323,-0.477868
-0.073462,0.980451,-0.182534,0.090229
-0.692500,-0.181858,-0.698120,4.291728
0.000000,0.000000,0.000000,1.000000

-0.719961,0.074996,0.689950,-0.478909
-0.072573,0.980558,-0.182315,0.090720
-0.690209,-0.181332,-0.700521,4.294891
0.000000,0.000000,0.000000,1.000000

-0.722245,0.074872,0.687573,-0.479944
-0.071688,0.980665,-0.182091,0.091208
-0.687913,-0.180804,-0.702913,4.298041
0.000000,0.000000,0.000000,1.000000

-0.724517,0.074748,0.685192,-0.480973
-0.070804,0.980772,-0.181860,0.091694
-0.685611,-0.180276,-0.705293,4.301178
0.000000,0.000000,0.000000,1.000000

-0.726778,0.074622,0.682806,-0.481994
-0.069924,0.980879,-0.181625,0.092178
-0.683304,-0.179745,-0.707664,4.304301
0.000000,0.000000,0.000000,1.000000

-0.729029,0.074496,0.680417,-0.483010
