-0.872246,0.063045,0.484987,-1.374406
-0.010815,0.988927,-0.148006,0.348682
-0.488948,-0.134343,-0.861906,4.365998
0.000000,0.000000,0.000000,1.000000

-0.872257,0.063044,0.484966,-1.374416
-0.010857,0.988915,-0.148082,0.348645
-0.488926,-0.134431,-0.861904,4.365998
0.000000,0.000000,0.000000,1.000000

-0.872269,0.063043,0.484946,-1.374426
-0.010898,0.988904,-0.148158,0.348607
-0.488905,-0.134519,-0.861903,4.365992
0.000000,0.000000,0.000000,1.000000

-0.872280,0.063041,0.484926,-1.374435
-0.010939,0.988892,-0.148235,0.348570
-0.488884,-0.134607,-0.861901,4.365981
0.000000,0.000000,0.000000,1.000000

-0.872291,0.063040,0.484906,-1.374445
-0.010980,0.988880,-0.148311,0.348533
-0.488863,-0.134695,-0.861899,4.365965
0.000000,0.000000,0.000000,1.000000

-0.872302,0.063039,0.484886,-1.374455
-0.011021,0.988868,-0.148388,0.348496
-0.488843,-0.134783,-0.861897,4.365944
0.000000,0.000000,0.000000,1.000000

-0.872313,0.063038,0.484867,-1.374464
-0.011063,0.988856,-0.148464,0.348458
-0.488823,-0.134871,-0.861895,4.365917
0.000000,0.000000,0.000000,1.000000

-0.872324,0.063037,0.484848,-1.374473
-0.011104,0.988844,-0.148541,0.348421
-0.488803,-0.134959,-0.861892,4.365885
0.000000,0.000000,0.000000,1.000000

-0.872334,0.063035,0.484829,-1.374482
-0.011146,0.988832,-0.148617,0.348383
-0.488783,-0.135048,-0.861889,4.365848
0.000000,0.000000,0.000000,1.000000

-0.872345,0.063034,0.484811,-1.374491
-0.011187,0.988820,-0.148694,0.348346
-0.488763,-0.135136,-0.861887,4.365806
0.000000,0.000000,0.000000,1.000000

-0.872355,0.063033,0.484792,-1.374500
-0.011229,0.988808,-0.148771,0.348308
-0.488744,-0.135224,-0.861884,4.365758
0.000000,0.000000,0.000000,1.000000

-0.872365,0.063032,0.484774,-1.374509
-0.011270,0.988796,-0.148847,0.348270
-0.488725,-0.135313,-0.861881,4.365706
0.000000,0.000000,0.000000,1.000000

-0.872375,0.063031,0.484757,-1.374518
-0.011312,0.988784,-0.148924,0.348233
-0.488706,-0.135401,-0.861877,4.365648
0.000000,0.000000,0.000000,1.000000

-0.872385,0.063030,0.484739,-1.374526
-0.011354,0.988772,-0.149001,0.348195
-0.488688,-0.135490,-0.861874,4.365585
0.000000,0.000000,0.000000,1.000000

-0.872394,0.063029,0.484722,-1.374535
-0.011395,0.988760,-0.149078,0.348157
-0.488670,-0.135578,-0.861870,4.365516
0.000000,0.000000,0.000000,1.000000

-0.872404,0.063027,0.484705,-1.374543
-0.011437,0.988748,-0.149155,0.348119
-0.488652,-0.135667,-0.861867,4.365443
0.000000,0.000000,0.000000,1.000000

-0.872413,0.063026,0.484688,-1.374551
-0.011479,0.988736,-0.149232,0.348081
-0.488634,-0.135756,-0.861863,4.365364
0.000000,0.000000,0.000000,1.000000

-0.872423,0.063025,0.484672,-1.374559
-0.011521,0.988723,-0.149309,0.348043
-0.488616,-0.135845,-0.861859,4.365280
0.000000,0.000000,0.000000,1.000000

-0.872432,0.063024,0.484655,-1.374567
-0.011563,0.988711,-0.149386,0.348005
-0.488599,-0.135934,-0.861854,4.365190
0.000000,0.000000,0.000000,1.000000

-0.872441,0.063023,0.484639,-1.374575
-0.011605,0.988699,-0.149464,0.347966
-0.488582,-0.136023,-0.861850,4.365096
0.000000,0.000000,0.000000,1.000000

-0.872449,0.063022,0.484624,-1.374583
-0.011647,0.988687,-0.149541,0.347928
-0.488566,-0.136112,-0.861845,4.364996
0.000000,0.000000,0.000000,1.000000

-0.872458,0.063021,0.484608,-1.374590
-0.011690,0.988675,-0.149618,0.347890
-0.488549,-0.136201,-0.861841,4.364891
0.000000,0.000000,0.000000,1.000000

-0.872467,0.063020,0.484593,-1.374597
-0.011732,0.988662,-0.149696,0.347851
-0.488533,-0.136290,-0.861836,4.364781
0.000000,0.000000,0.000000,1.000000

-0.872475,0.063019,0.484578,-1.374605
-0.011774,0.988650,-0.149773,0.347813
-0.488517,-0.136379,-0.861831,4.364665
0.000000,0.000000,0.000000,1.000000

-0.872483,0.063018,0.484563,-1.374612
-0.011817,0.988638,-0.149851,0.347774
-0.488501,-0.136468,-0.861825,4.364545
0.000000,0.000000,0.000000,1.000000

-0.872491,0.063018,0.484549,-1.374619
-0.011859,0.988626,-0.149929,0.347735
-0.488486,-0.136558,-0.861820,4.364419
0.000000,0.000000,0.000000,1.000000

-0.872499,0.063017,0.484535,-1.374626
-0.011902,0.988613,-0.150006,0.347697
-0.488470,-0.136647,-0.861814,4.364288
0.000000,0.000000,0.000000,1.000000

-0.872507,0.063016,0.484521,-1.374633
-0.011944,0.988601,-0.150084,0.347658
-0.488455,-0.136737,-0.861809,4.364151
0.000000,0.000000,0.000000,1.000000

-0.872515,0.063015,0.484507,-1.374639
-0.011987,0.988589,-0.150162,0.347619
-0.488441,-0.136826,-0.861803,4.364010
0.000000,0.000000,0.000000,1.000000

-0.872522,0.063014,0.484494,-1.374646
-0.012030,0.988576,-0.150240,0.347580
-0.488426,-0.136916,-0.861797,4.363863
0.000000,0.000000,0.000000,1.000000

-0.872530,0.063013,0.484481,-1.374652
-0.012072,0.988564,-0.150318,0.347541
-0.488412,-0.137005,-0.861791,4.363711
0.000000,0.000000,0.000000,1.000000

-0.872537,0.063012,0.484468,-1.374658
-0.012115,0.988552,-0.150396,0.347502
-0.488398,-0.137095,-0.861784,4.363554
0.000000,0.000000,0.000000,1.000000

-0.872544,0.063012,0.484455,-1.374665
-0.012158,0.988539,-0.150474,0.347463
-0.488384,-0.137185,-0.861778,4.363391
0.000000,0.000000,0.000000,1.000000

-0.872551,0.063011,0.484443,-1.374671
-0.012201,0.988527,-0.150552,0.347423
-0.488371,-0.137275,-0.861771,4.363224
0.000000,0.000000,0.000000,1.000000

-0.872558,0.063010,0.484431,-1.374677
-0.012244,0.988514,-0.150630,0.347384
-0.488358,-0.137365,-0.861764,4.363051
0.000000,0.000000,0.000000,1.000000

-0.872564,0.063009,0.484419,-1.374682
-0.012287,0.988502,-0.150708,0.347345
-0.488345,-0.137455,-0.861757,4.362872
0.000000,0.000000,0.000000,1.000000

-0.872571,0.063009,0.484407,-1.374688
-0.012330,0.988489,-0.150787,0.347305
-0.488332,-0.137545,-0.861750,4.362689
0.000000,0.000000,0.000000,1.000000

-0.872577,0.063008,0.484396,-1.374693
-0.012373,0.988477,-0.150865,0.347266
-0.488320,-0.137635,-0.861743,4.362501
0.000000,0.000000,0.000000,1.000000

-0.872583,0.063007,0.484385,-1.374699
-0.012416,0.988464,-0.150943,0.347226
-0.488307,-0.137725,-0.861735,4.362307
0.000000,0.000000,0.000000,1.000000

-0.872589,0.063006,0.484374,-1.374704
-0.012460,0.988452,-0.151022,0.347186
-0.488295,-0.137815,-0.861728,4.362108
0.000000,0.000000,0.000000,1.000000

-0.872595,0.063006,0.484363,-1.374709
-0.012503,0.988439,-0.151100,0.347147
-0.488284,-0.137906,-0.861720,4.361903
0.000000,0.000000,0.000000,1.000000

-0.872601,0.063005,0.484353,-1.374714
-0.012546,0.988427,-0.151179,0.347107
-0.488272,-0.137996,-0.861712,4.361694
0.000000,0.000000,0.000000,1.000000

-0.872607,0.063004,0.484343,-1.374719
-0.012590,0.988414,-0.151258,0.347067
-0.488261,-0.138086,-0.861704,4.361479
0.000000,0.000000,0.000000,1.000000

-0.872612,0.063004,0.484333,-1.374724
-0.012633,0.988402,-0.151336,0.347027
-0.488250,-0.138177,-0.861695,4.361259
0.000000,0.000000,0.000000,1.000000

-0.872618,0.063003,0.484323,-1.374729
-0.012677,0.988389,-0.151415,0.346987
-0.488239,-0.138267,-0.861687,4.361034
0.000000,0.000000,0.000000,1.000000

-0.872623,0.063003,0.484314,-1.374733
-0.012721,0.988376,-0.151494,0.346947
-0.488229,-0.138358,-0.861678,4.360804
0.000000,0.000000,0.000000,1.000000

-0.872628,0.063002,0.484305,-1.374738
-0.012764,0.988364,-0.151573,0.346907
-0.488219,-0.138449,-0.861669,4.360568
0.000000,0.000000,0.000000,1.000000

-0.872633,0.063001,0.484296,-1.374742
-0.012808,0.988351,-0.151652,0.346866
-0.488209,-0.138540,-0.861661,4.360327
0.000000,0.000000,0.000000,1.000000

-0.872638,0.063001,0.484288,-1.374746
-0.012852,0.988338,-0.151731,0.346826
-0.488199,-0.138630,-0.861651,4.360081
0.000000,0.000000,0.000000,1.000000

-0.872642,0.063000,0.484279,-1.374750
-0.012896,0.988326,-0.151810,0.346786
-0.488190,-0.138721,-0.861642,4.359830
0.000000,0.000000,0.000000,1.000000

-0.872647,0.063000,0.484271,-1.374754
-0.012940,0.988313,-0.151889,0.346745
-0.488181,-0.138812,-0.861633,4.359573
0.000000,0.000000,0.000000,1.000000

-0.872651,0.062999,0.484264,-1.374758
-0.012984,0.988300,-0.151969,0.346705
-0.488172,-0.138903,-0.861623,4.359312
0.000000,0.000000,0.000000,1.000000

-0.872655,0.062999,0.484256,-1.374761
-0.013028,0.988287,-0.152048,0.346664
-0.488163,-0.138994,-0.861613,4.359045
0.000000,0.000000,0.000000,1.000000

-0.872659,0.062998,0.484249,-1.374765
-0.013072,0.988274,-0.152127,0.346623
-0.488155,-0.139086,-0.861603,4.358773
0.000000,0.000000,0.000000,1.000000

-0.872663,0.062998,0.484242,-1.374768
-0.013117,0.988262,-0.152207,0.346582
-0.488146,-0.139177,-0.861593,4.358495
0.000000,0.000000,0.000000,1.000000

-0.872667,0.062998,0.484235,-1.374771
-0.013161,0.988249,-0.152286,0.346542
-0.488138,-0.139268,-0.861583,4.358213
0.000000,0.000000,0.000000,1.000000

-0.872671,0.062997,0.484229,-1.374775
-0.013205,0.988236,-0.152366,0.346501
-0.488131,-0.139360,-0.861573,4.357925
0.000000,0.000000,0.000000,1.000000

-0.872674,0.062997,0.484222,-1.374778
-0.013250,0.988223,-0.152446,0.346460
-0.488123,-0.139451,-0.861562,4.357632
0.000000,0.000000,0.000000,1.000000

-0.872677,0.062996,0.484216,-1.374781
-0.013294,0.988210,-0.152525,0.346419
-0.488116,-0.139543,-0.861551,4.357334
0.000000,0.000000,0.000000,1.000000

-0.872681,0.062996,0.484211,-1.374783
-0.013339,0.988197,-0.152605,0.346377
-0.488109,-0.139634,-0.861540,4.357030
0.000000,0.000000,0.000000,1.000000

-0.872684,0.062996,0.484205,-1.374786
-0.013383,0.988184,-0.152685,0.346336
-0.488103,-0.139726,-0.861529,4.356721
0.000000,0.000000,0.000000,1.000000

-0.872687,0.062995,0.484200,-1.374789
-0.013428,0.988171,-0.152765,0.346295
-0.488096,-0.139818,-0.861518,4.356408
0.000000,0.000000,0.000000,1.000000

-0.872689,0.062995,0.484195,-1.374791
-0.013473,0.988158,-0.152845,0.346253
-0.488090,-0.139909,-0.861507,4.356088
0.000000,0.000000,0.000000,1.000000

-0.872692,0.062995,0.484191,-1.374793
-0.013518,0.988145,-0.152925,0.346212
-0.488084,-0.140001,-0.861495,4.355764
0.000000,0.000000,0.000000,1.000000

-0.872694,0.062995,0.484186,-1.374795
-0.013563,0.988132,-0.153005,0.346170
-0.488078,-0.140093,-0.861483,4.355434
0.000000,0.000000,0.000000,1.000000

-0.872697,0.062994,0.484182,-1.374797
-0.013607,0.988119,-0.153085,0.346129
-0.488073,-0.140185,-0.861471,4.355100
0.000000,0.000000,0.000000,1.000000

-0.872699,0.062994,0.484178,-1.374799
-0.013652,0.988106,-0.153165,0.346087
-0.488068,-0.140277,-0.861459,4.354760
0.000000,0.000000,0.000000,1.000000

-0.872701,0.062994,0.484174,-1.374801
-0.013698,0.988093,-0.153246,0.346045
-0.488063,-0.140370,-0.861447,4.354414
0.000000,0.000000,0.000000,1.000000

-0.872703,0.062994,0.484171,-1.374803
-0.013743,0.988080,-0.153326,0.346003
-0.488058,-0.140462,-0.861435,4.354064
0.000000,0.000000,0.000000,1.000000

-0.872705,0.062993,0.484168,-1.374804
-0.013788,0.988067,-0.153406,0.345961
-0.488054,-0.140554,-0.861422,4.353708
0.000000,0.000000,0.000000,1.000000

-0.872706,0.062993,0.484165,-1.374806
-0.013833,0.988054,-0.153487,0.345919
-0.488050,-0.140647,-0.861409,4.353348
0.000000,0.000000,0.000000,1.000000

-0.872708,0.062993,0.484162,-1.374807
-0.013879,0.988041,-0.153567,0.345877
-0.488046,-0.140739,-0.861396,4.352981
0.000000,0.000000,0.000000,1.000000

-0.872709,0.062993,0.484160,-1.374808
-0.013924,0.988028,-0.153648,0.345835
-0.488042,-0.140831,-0.861383,4.352610
0.000000,0.000000,0.000000,1.000000

-0.872710,0.062993,0.484158,-1.374809
-0.013969,0.988014,-0.153729,0.345793
-0.488039,-0.140924,-0.861370,4.352234
0.000000,0.000000,0.000000,1.000000

-0.872711,0.062993,0.484156,-1.374810
-0.014015,0.988001,-0.153810,0.345751
-0.488036,-0.141017,-0.861357,4.351852
0.000000,0.000000,0.000000,1.000000

-0.872712,0.062993,0.484155,-1.374811
-0.014061,0.987988,-0.153890,0.345708
-0.488033,-0.141109,-0.861343,4.351465
0.000000,0.000000,0.000000,1.000000

-0.872713,0.062992,0.484153,-1.374811
-0.014106,0.987975,-0.153971,0.345666
-0.488030,-0.141202,-0.861330,4.351073
0.000000,0.000000,0.000000,1.000000

-0.872713,0.062992,0.484152,-1.374812
-0.014152,0.987961,-0.154052,0.345623
-0.488028,-0.141295,-0.861316,4.350675
0.000000,0.000000,0.000000,1.000000

-0.872714,0.062992,0.484151,-1.374812
-0.014198,0.987948,-0.154133,0.345580
-0.488026,-0.141388,-0.861302,4.350273
0.000000,0.000000,0.000000,1.000000

-0.872714,0.062992,0.484151,-1.374812
-0.014244,0.987935,-0.154214,0.345538
-0.488024,-0.141481,-0.861287,4.349865
0.000000,0.000000,0.000000,1.000000

-0.872714,0.062992,0.484150,-1.374813
-0.014290,0.987921,-0.154296,0.345495
-0.488022,-0.141574,-0.861273,4.349452
0.000000,0.000000,0.000000,1.000000

-0.872714,0.062992,0.484150,-1.374813
-0.014336,0.987908,-0.154377,0.345452
-0.488021,-0.141667,-0.861258,4.349034
0.000000,0.000000,0.000000,1.000000

-0.872714,0.062992,0.484151,-1.374813
-0.014382,0.987895,-0.154458,0.345409
-0.488020,-0.141761,-0.861244,4.348610
0.000000,0.000000,0.000000,1.000000

-0.872714,0.062992,0.484151,-1.374812
-0.014428,0.987881,-0.154539,0.345366
-0.488019,-0.141854,-0.861229,4.348182
0.000000,0.000000,0.000000,1.000000

-0.872714,0.062992,0.484152,-1.374812
-0.014474,0.987868,-0.154621,0.345323
-0.488018,-0.141947,-0.861214,4.347748
0.000000,0.000000,0.000000,1.000000

-0.872713,0.062992,0.484153,-1.374811
-0.014521,0.987854,-0.154702,0.345279
-0.488018,-0.142041,-0.861199,4.347309
0.000000,0.000000,0.000000,1.000000

-0.872712,0.062992,0.484154,-1.374811
-0.014567,0.987841,-0.154784,0.345236
-0.488018,-0.142134,-0.861183,4.346865
0.000000,0.000000,0.000000,1.000000

-0.872711,0.062993,0.484156,-1.374810
-0.014613,0.987827,-0.154866,0.345193
-0.488018,-0.142228,-0.861168,4.346415
0.000000,0.000000,0.000000,1.000000

-0.872710,0.062993,0.484158,-1.374809
-0.014660,0.987814,-0.154947,0.345149
-0.488018,-0.142322,-0.861152,4.345960
0.000000,0.000000,0.000000,1.000000

-0.872709,0.062993,0.484160,-1.374808
-0.014706,0.987800,-0.155029,0.345106
-0.488019,-0.142416,-0.861136,4.345501
0.000000,0.000000,0.000000,1.000000

-0.872708,0.062993,0.484162,-1.374807
-0.014753,0.987787,-0.155111,0.345062
-0.488020,-0.142509,-0.861120,4.345035
0.000000,0.000000,0.000000,1.000000

-0.872707,0.062993,0.484164,-1.374806
-0.014800,0.987773,-0.155193,0.345018
-0.488021,-0.142603,-0.861104,4.344565
0.000000,0.000000,0.000000,1.000000

-0.872705,0.062993,0.484167,-1.374804
-0.014847,0.987760,-0.155275,0.344974
-0.488022,-0.142697,-0.861088,4.344090
0.000000,0.000000,0.000000,1.000000

-0.872703,0.062994,0.484170,-1.374803
-0.014894,0.987746,-0.155357,0.344930
-0.488024,-0.142791,-0.861071,4.343609
0.000000,0.000000,0.000000,1.000000

-0.872701,0.062994,0.484174,-1.374801
-0.014940,0.987732,-0.155439,0.344886
-0.488026,-0.142886,-0.861054,4.343123
0.000000,0.000000,0.000000,1.000000

-0.872699,0.062994,0.484177,-1.374800
-0.014987,0.987719,-0.155521,0.344842
-0.488028,-0.142980,-0.861037,4.342632
0.000000,0.000000,0.000000,1.000000

-0.872697,0.062994,0.484181,-1.374798
-0.015035,0.987705,-0.155603,0.344798
-0.488030,-0.143074,-0.861020,4.342135
0.000000,0.000000,0.000000,1.000000

-0.872695,0.062994,0.484185,-1.374796
-0.015082,0.987691,-0.155686,0.344754
-0.488033,-0.143169,-0.861003,4.341634
0.000000,0.000000,0.000000,1.000000

-0.872692,0.062995,0.484190,-1.374794
-0.015129,0.987678,-0.155768,0.344710
-0.488036,-0.143263,-0.860986,4.341127
0.000000,0.000000,0.000000,1.000000

-0.872690,0.062995,0.484194,-1.374791
-0.015176,0.987664,-0.155851,0.344665
-0.488039,-0.143358,-0.860968,4.340615
0.000000,0.000000,0.000000,1.000000

-0.872687,0.062995,0.484199,-1.374789
-0.015224,0.987650,-0.155933,0.344621
-0.488042,-0.143452,-0.860951,4.340098
0.000000,0.000000,0.000000,1.000000

-0.872684,0.062996,0.484204,-1.374786
-0.015271,0.987636,-0.156016,0.344576
-0.488046,-0.143547,-0.860933,4.339576
0.000000,0.000000,0.000000,1.000000

-0.872681,0.062996,0.484210,-1.374784
-0.015318,0.987623,-0.156099,0.344531
-0.488050,-0.143642,-0.860915,4.339048
0.000000,0.000000,0.000000,1.000000

-0.872678,0.062996,0.484215,-1.374781
-0.015366,0.987609,-0.156181,0.344487
-0.488054,-0.143736,-0.860897,4.338515
0.000000,0.000000,0.000000,1.000000

-0.872675,0.062997,0.484221,-1.374778
-0.015414,0.987595,-0.156264,0.344442
-0.488059,-0.143831,-0.860878,4.337977
0.000000,0.000000,0.000000,1.000000

-0.872671,0.062997,0.484228,-1.374775
-0.015461,0.987581,-0.156347,0.344397
-0.488063,-0.143926,-0.860860,4.337434
0.000000,0.000000,0.000000,1.000000

-0.872668,0.062998,0.484234,-1.374772
-0.015509,0.987567,-0.156430,0.344352
-0.488068,-0.144022,-0.860841,4.336886
0.000000,0.000000,0.000000,1.000000

-0.872664,0.062998,0.484241,-1.374769
-0.015557,0.987553,-0.156513,0.344307
-0.488074,-0.144117,-0.860822,4.336332
0.000000,0.000000,0.000000,1.000000

-0.872660,0.062998,0.484248,-1.374765
-0.015605,0.987539,-0.156596,0.344262
-0.488079,-0.144212,-0.860803,4.335773
0.000000,0.000000,0.000000,1.000000

-0.872656,0.062999,0.484255,-1.374762
-0.015653,0.987525,-0.156679,0.344216
-0.488085,-0.144307,-0.860784,4.335209
0.000000,0.000000,0.000000,1.000000

-0.872652,0.062999,0.484262,-1.374758
-0.015701,0.987511,-0.156763,0.344171
-0.488091,-0.144403,-0.860764,4.334640
0.000000,0.000000,0.000000,1.000000

-0.872647,0.063000,0.484270,-1.374754
-0.015749,0.987497,-0.156846,0.344125
-0.488097,-0.144498,-0.860745,4.334066
0.000000,0.000000,0.000000,1.000000

-0.872643,0.063000,0.484278,-1.374751
-0.015798,0.987483,-0.156929,0.344080
-0.488103,-0.144594,-0.860725,4.333486
0.000000,0.000000,0.000000,1.000000

-0.872638,0.063001,0.484287,-1.374747
-0.015846,0.987469,-0.157013,0.344034
-0.488110,-0.144689,-0.860705,4.332902
0.000000,0.000000,0.000000,1.000000

-0.872633,0.063001,0.484295,-1.374742
-0.015894,0.987455,-0.157096,0.343989
-0.488117,-0.144785,-0.860685,4.332312
0.000000,0.000000,0.000000,1.000000

-0.872628,0.063002,0.484304,-1.374738
-0.015943,0.987441,-0.157180,0.343943
-0.488124,-0.144881,-0.860665,4.331716
0.000000,0.000000,0.000000,1.000000

-0.872623,0.063003,0.484313,-1.374734
-0.015991,0.987427,-0.157264,0.343897
-0.488132,-0.144977,-0.860645,4.331116
0.000000,0.000000,0.000000,1.000000

-0.872618,0.063003,0.484322,-1.374729
-0.016040,0.987413,-0.157347,0.343851
-0.488140,-0.145073,-0.860624,4.330510
0.000000,0.000000,0.000000,1.000000

-0.872613,0.063004,0.484332,-1.374724
-0.016089,0.987399,-0.157431,0.343805
-0.488148,-0.145169,-0.860603,4.329900
0.000000,0.000000,0.000000,1.000000

-0.872607,0.063004,0.484342,-1.374720
-0.016137,0.987385,-0.157515,0.343758
-0.488156,-0.145265,-0.860582,4.329284
0.000000,0.000000,0.000000,1.000000

-0.872602,0.063005,0.484352,-1.374715
-0.016186,0.987371,-0.157599,0.343712
-0.488164,-0.145361,-0.860561,4.328663
0.000000,0.000000,0.000000,1.000000

-0.872596,0.063006,0.484362,-1.374710
-0.016235,0.987356,-0.157683,0.343666
-0.488173,-0.145457,-0.860540,4.328036
0.000000,0.000000,0.000000,1.000000

-0.872590,0.063006,0.484373,-1.374705
-0.016284,0.987342,-0.157767,0.343619
-0.488182,-0.145554,-0.860519,4.327405
0.000000,0.000000,0.000000,1.000000

-0.872584,0.063007,0.484384,-1.374699
-0.016333,0.987328,-0.157851,0.343573
-0.488191,-0.145650,-0.860497,4.326768
0.000000,0.000000,0.000000,1.000000

-0.872578,0.063008,0.484395,-1.374694
-0.016382,0.987313,-0.157936,0.343526
-0.488201,-0.145747,-0.860475,4.326126
0.000000,0.000000,0.000000,1.000000

-0.872571,0.063008,0.484406,-1.374688
-0.016432,0.987299,-0.158020,0.343479
-0.488211,-0.145843,-0.860453,4.325479
0.000000,0.000000,0.000000,1.000000

-0.872565,0.063009,0.484418,-1.374683
-0.016481,0.987285,-0.158105,0.343433
-0.488221,-0.145940,-0.860431,4.324827
0.000000,0.000000,0.000000,1.000000

-0.872558,0.063010,0.484430,-1.374677
-0.016530,0.987270,-0.158189,0.343386
-0.488231,-0.146037,-0.860409,4.324169
0.000000,0.000000,0.000000,1.000000

-0.872551,0.063011,0.484442,-1.374671
-0.016580,0.987256,-0.158274,0.343339
-0.488242,-0.146134,-0.860387,4.323507
0.000000,0.000000,0.000000,1.000000

-0.872544,0.063012,0.484455,-1.374665
-0.016629,0.987242,-0.158358,0.343292
-0.488252,-0.146231,-0.860364,4.322839
0.000000,0.000000,0.000000,1.000000

-0.872537,0.063012,0.484468,-1.374658
-0.016679,0.987227,-0.158443,0.343244
-0.488263,-0.146328,-0.860341,4.322166
0.000000,0.000000,0.000000,1.000000

-0.872530,0.063013,0.484481,-1.374652
-0.016729,0.987213,-0.158528,0.343197
-0.488275,-0.146425,-0.860318,4.321488
0.000000,0.000000,0.000000,1.000000

-0.872522,0.063014,0.484494,-1.374646
-0.016778,0.987198,-0.158613,0.343150
-0.488286,-0.146522,-0.860295,4.320804
0.000000,0.000000,0.000000,1.000000

-0.872515,0.063015,0.484507,-1.374639
-0.016828,0.987184,-0.158698,0.343102
-0.488298,-0.146619,-0.860272,4.320116
0.000000,0.000000,0.000000,1.000000

-0.872507,0.063016,0.484521,-1.374632
-0.016878,0.987169,-0.158783,0.343055
-0.488310,-0.146717,-0.860248,4.319422
0.000000,0.000000,0.000000,1.000000

-0.872499,0.063017,0.484535,-1.374626
-0.016928,0.987155,-0.158868,0.343007
-0.488323,-0.146814,-0.860225,4.318723
0.000000,0.000000,0.000000,1.000000

-0.872491,0.063018,0.484550,-1.374619
-0.016978,0.987140,-0.158953,0.342959
-0.488335,-0.146912,-0.860201,4.318019
0.000000,0.000000,0.000000,1.000000

-0.872483,0.063019,0.484564,-1.374611
-0.017028,0.987126,-0.159038,0.342911
-0.488348,-0.147009,-0.860177,4.317309
0.000000,0.000000,0.000000,1.000000

-0.872474,0.063019,0.484579,-1.374604
-0.017079,0.987111,-0.159123,0.342863
-0.488361,-0.147107,-0.860153,4.316595
0.000000,0.000000,0.000000,1.000000

-0.872466,0.063020,0.484594,-1.374597
-0.017129,0.987096,-0.159209,0.342815
-0.488375,-0.147205,-0.860129,4.315875
0.000000,0.000000,0.000000,1.000000

-0.872457,0.063021,0.484610,-1.374589
-0.017179,0.987082,-0.159294,0.342767
-0.488388,-0.147303,-0.860104,4.315150
0.000000,0.000000,0.000000,1.000000

-0.872449,0.063022,0.484625,-1.374582
-0.017230,0.987067,-0.159380,0.342719
-0.488402,-0.147401,-0.860079,4.314420
0.000000,0.000000,0.000000,1.000000

-0.872440,0.063023,0.484641,-1.374574
-0.017280,0.987052,-0.159465,0.342671
-0.488416,-0.147499,-0.860055,4.313685
0.000000,0.000000,0.000000,1.000000

-0.872431,0.063024,0.484657,-1.374566
-0.017331,0.987038,-0.159551,0.342622
-0.488431,-0.147597,-0.860029,4.312945
0.000000,0.000000,0.000000,1.000000

-0.872421,0.063025,0.484674,-1.374558
-0.017382,0.987023,-0.159637,0.342574
-0.488445,-0.147695,-0.860004,4.312199
0.000000,0.000000,0.000000,1.000000

-0.872412,0.063027,0.484691,-1.374550
-0.017433,0.987008,-0.159723,0.342525
-0.488460,-0.147793,-0.859979,4.311448
0.000000,0.000000,0.000000,1.000000

-0.872403,0.063028,0.484708,-1.374542
-0.017483,0.986993,-0.159809,0.342476
-0.488475,-0.147892,-0.859953,4.310692
0.000000,0.000000,0.000000,1.000000

-0.872393,0.063029,0.484725,-1.374533
-0.017534,0.986978,-0.159895,0.342428
-0.488491,-0.147990,-0.859928,4.309931
0.000000,0.000000,0.000000,1.000000

-0.872383,0.063030,0.484742,-1.374525
-0.017585,0.986964,-0.159981,0.342379
-0.488506,-0.148089,-0.859902,4.309165
0.000000,0.000000,0.000000,1.000000

-0.872373,0.063031,0.484760,-1.374516
-0.017637,0.986949,-0.160067,0.342330
-0.488522,-0.148187,-0.859876,4.308393
0.000000,0.000000,0.000000,1.000000

-0.872363,0.063032,0.484778,-1.374507
-0.017688,0.986934,-0.160153,0.342280
-0.488539,-0.148286,-0.859850,4.307617
0.000000,0.000000,0.000000,1.000000

-0.872353,0.063033,0.484796,-1.374498
-0.017739,0.986919,-0.160239,0.342231
-0.488555,-0.148385,-0.859823,4.306835
0.000000,0.000000,0.000000,1.000000

-0.872342,0.063034,0.484815,-1.374489
-0.017790,0.986904,-0.160326,0.342182
-0.488572,-0.148484,-0.859797,4.306048
0.000000,0.000000,0.000000,1.000000

-0.872332,0.063036,0.484834,-1.374480
-0.017842,0.986889,-0.160412,0.342133
-0.488589,-0.148583,-0.859770,4.305256
0.000000,0.000000,0.000000,1.000000

-0.872321,0.063037,0.484853,-1.374471
-0.017893,0.986874,-0.160499,0.342083
-0.488606,-0.148682,-0.859743,4.304458
0.000000,0.000000,0.000000,1.000000

-0.872310,0.063038,0.484872,-1.374461
-0.017945,0.986859,-0.160585,0.342033
-0.488624,-0.148781,-0.859716,4.303656
0.000000,0.000000,0.000000,1.000000

-0.872299,0.063039,0.484892,-1.374452
-0.017997,0.986844,-0.160672,0.341984
-0.488641,-0.148880,-0.859688,4.302848
0.000000,0.000000,0.000000,1.000000

-0.872288,0.063041,0.484912,-1.374442
-0.018049,0.986829,-0.160759,0.341934
-0.488659,-0.148980,-0.859661,4.302035
0.000000,0.000000,0.000000,1.000000

-0.872277,0.063042,0.484932,-1.374432
-0.018100,0.986814,-0.160846,0.341884
-0.488678,-0.149079,-0.859633,4.301217
0.000000,0.000000,0.000000,1.000000

-0.872265,0.063043,0.484953,-1.374422
-0.018152,0.986798,-0.160932,0.341834
-0.488696,-0.149179,-0.859606,4.300394
0.000000,0.000000,0.000000,1.000000

-0.872254,0.063044,0.484973,-1.374412
-0.018204,0.986783,-0.161019,0.341784
-0.488715,-0.149278,-0.859578,4.299566
0.000000,0.000000,0.000000,1.000000

-0.872242,0.063046,0.484994,-1.374402
-0.018257,0.986768,-0.161107,0.341734
-0.488734,-0.149378,-0.859549,4.298732
0.000000,0.000000,0.000000,1.000000

-0.872230,0.063047,0.485015,-1.374392
-0.018309,0.986753,-0.161194,0.341683
-0.488753,-0.149478,-0.859521,4.297894
0.000000,0.000000,0.000000,1.000000

-0.872218,0.063049,0.485037,-1.374381
-0.018361,0.986738,-0.161281,0.341633
-0.488773,-0.149578,-0.859493,4.297050
0.000000,0.000000,0.000000,1.000000

-0.872206,0.063050,0.485059,-1.374371
-0.018413,0.986722,-0.161368,0.341582
-0.488793,-0.149678,-0.859464,4.296201
0.000000,0.000000,0.000000,1.000000

-0.872193,0.063051,0.485081,-1.374360
-0.018466,0.986707,-0.161456,0.341532
-0.488813,-0.149778,-0.859435,4.295346
0.000000,0.000000,0.000000,1.000000

-0.872181,0.063053,0.485103,-1.374349
-0.018519,0.986692,-0.161543,0.341481
-0.488833,-0.149878,-0.859406,4.294487
0.000000,0.000000,0.000000,1.000000

-0.872168,0.063054,0.485126,-1.374338
-0.018571,0.986677,-0.161631,0.341430
-0.488854,-0.149978,-0.859377,4.293623
0.000000,0.000000,0.000000,1.000000

-0.872155,0.063056,0.485149,-1.374327
-0.018624,0.986661,-0.161718,0.341379
-0.488875,-0.150079,-0.859347,4.292753
0.000000,0.000000,0.000000,1.000000

-0.872142,0.063057,0.485172,-1.374315
-0.018677,0.986646,-0.161806,0.341328
-0.488896,-0.150179,-0.859318,4.291878
0.000000,0.000000,0.000000,1.000000

-0.872129,0.063059,0.485195,-1.374304
-0.018730,0.986630,-0.161894,0.341277
-0.488917,-0.150280,-0.859288,4.290998
0.000000,0.000000,0.000000,1.000000

-0.872116,0.063060,0.485219,-1.374292
-0.018783,0.986615,-0.161982,0.341226
-0.488939,-0.150380,-0.859258,4.290113
0.000000,0.000000,0.000000,1.000000

-0.872102,0.063062,0.485243,-1.374281
-0.018836,0.986600,-0.162070,0.341174
-0.488961,-0.150481,-0.859228,4.289223
0.000000,0.000000,0.000000,1.000000

-0.872089,0.063063,0.485267,-1.374269
-0.018889,0.986584,-0.162158,0.341123
-0.488983,-0.150582,-0.859198,4.288327
0.000000,0.000000,0.000000,1.000000

-0.872075,0.063065,0.485291,-1.374257
-0.018942,0.986569,-0.162246,0.341071
-0.489005,-0.150683,-0.859167,4.287427
0.000000,0.000000,0.000000,1.000000

-0.872061,0.063066,0.485316,-1.374245
-0.018995,0.986553,-0.162334,0.341019
-0.489028,-0.150784,-0.859137,4.286521
0.000000,0.000000,0.000000,1.000000

-0.872047,0.063068,0.485341,-1.374233
-0.019049,0.986537,-0.162422,0.340968
-0.489051,-0.150885,-0.859106,4.285610
0.000000,0.000000,0.000000,1.000000

-0.872033,0.063069,0.485367,-1.374220
-0.019102,0.986522,-0.162511,0.340916
-0.489074,-0.150986,-0.859075,4.284694
0.000000,0.000000,0.000000,1.000000

-0.872019,0.063071,0.485392,-1.374208
-0.019156,0.986506,-0.162599,0.340864
-0.489098,-0.151088,-0.859044,4.283773
0.000000,0.000000,0.000000,1.000000

-0.872004,0.063073,0.485418,-1.374195
-0.019210,0.986491,-0.162688,0.340812
-0.489121,-0.151189,-0.859012,4.282846
0.000000,0.000000,0.000000,1.000000

-0.871989,0.063074,0.485444,-1.374182
-0.019263,0.986475,-0.162776,0.340759
-0.489145,-0.151290,-0.858981,4.281915
0.000000,0.000000,0.000000,1.000000

-0.871975,0.063076,0.485470,-1.374170
-0.019317,0.986459,-0.162865,0.340707
-0.489170,-0.151392,-0.858949,4.280978
0.000000,0.000000,0.000000,1.000000

-0.871960,0.063078,0.485497,-1.374157
-0.019371,0.986444,-0.162954,0.340655
-0.489194,-0.151494,-0.858917,4.280036
0.000000,0.000000,0.000000,1.000000

-0.871945,0.063079,0.485524,-1.374143
-0.019425,0.986428,-0.163042,0.340602
-0.489219,-0.151595,-0.858885,4.279089
0.000000,0.000000,0.000000,1.000000

-0.871929,0.063081,0.485551,-1.374130
-0.019479,0.986412,-0.163131,0.340550
-0.489244,-0.151697,-0.858853,4.278137
0.000000,0.000000,0.000000,1.000000

-0.871914,0.063083,0.485579,-1.374117
-0.019534,0.986396,-0.163220,0.340497
-0.489269,-0.151799,-0.858820,4.277180
0.000000,0.000000,0.000000,1.000000

-0.871898,0.063085,0.485606,-1.374103
-0.019588,0.986380,-0.163309,0.340444
-0.489295,-0.151901,-0.858788,4.276217
0.000000,0.000000,0.000000,1.000000

-0.871883,0.063086,0.485634,-1.374089
-0.019642,0.986365,-0.163399,0.340391
-0.489321,-0.152003,-0.858755,4.275250
0.000000,0.000000,0.000000,1.000000

-0.871867,0.063088,0.485663,-1.374076
-0.019697,0.986349,-0.163488,0.340338
-0.489347,-0.152106,-0.858722,4.274277
0.000000,0.000000,0.000000,1.000000

-0.871851,0.063090,0.485691,-1.374062
-0.019751,0.986333,-0.163577,0.340285
-0.489373,-0.152208,-0.858689,4.273299
0.000000,0.000000,0.000000,1.000000

-0.871834,0.063092,0.485720,-1.374048
-0.019806,0.986317,-0.163667,0.340231
-0.489400,-0.152310,-0.858655,4.272316
0.000000,0.000000,0.000000,1.000000

-0.871818,0.063094,0.485749,-1.374033
-0.019861,0.986301,-0.163756,0.340178
-0.489427,-0.152413,-0.858622,4.271328
0.000000,0.000000,0.000000,1.000000

-0.871802,0.063096,0.485779,-1.374019
-0.019916,0.986285,-0.163846,0.340124
-0.489454,-0.152516,-0.858588,4.270335
0.000000,0.000000,0.000000,1.000000

-0.871785,0.063097,0.485808,-1.374004
-0.019971,0.986269,-0.163935,0.340071
-0.489481,-0.152618,-0.858554,4.269337
0.000000,0.000000,0.000000,1.000000

-0.871768,0.063099,0.485838,-1.373990
-0.020026,0.986253,-0.164025,0.340017
-0.489509,-0.152721,-0.858520,4.268333
0.000000,0.000000,0.000000,1.000000

-0.871751,0.063101,0.485868,-1.373975
-0.020081,0.986237,-0.164115,0.339963
-0.489537,-0.152824,-0.858486,4.267324
0.000000,0.000000,0.000000,1.000000

-0.871734,0.063103,0.485899,-1.373960
-0.020136,0.986221,-0.164205,0.339909
-0.489565,-0.152927,-0.858452,4.266310
0.000000,0.000000,0.000000,1.000000

-0.871717,0.063105,0.485930,-1.373945
-0.020191,0.986205,-0.164295,0.339855
-0.489594,-0.153030,-0.858417,4.265292
0.000000,0.000000,0.000000,1.000000

-0.871699,0.063107,0.485961,-1.373930
-0.020247,0.986188,-0.164385,0.339801
-0.489623,-0.153133,-0.858382,4.264267
0.000000,0.000000,0.000000,1.000000

-0.871682,0.063109,0.485992,-1.373914
-0.020302,0.986172,-0.164475,0.339746
-0.489652,-0.153237,-0.858347,4.263238
0.000000,0.000000,0.000000,1.000000

-0.871664,0.063111,0.486024,-1.373899
-0.020358,0.986156,-0.164565,0.339692
-0.489681,-0.153340,-0.858312,4.262204
0.000000,0.000000,0.000000,1.000000

-0.871646,0.063113,0.486055,-1.373883
-0.020414,0.986140,-0.164656,0.339637
-0.489711,-0.153444,-0.858277,4.261164
0.000000,0.000000,0.000000,1.000000

-0.871628,0.063115,0.486088,-1.373868
-0.020469,0.986124,-0.164746,0.339583
-0.489740,-0.153547,-0.858241,4.260120
0.000000,0.000000,0.000000,1.000000

-0.871610,0.063117,0.486120,-1.373852
-0.020525,0.986107,-0.164837,0.339528
-0.489770,-0.153651,-0.858205,4.259070
0.000000,0.000000,0.000000,1.000000

-0.871591,0.063119,0.486153,-1.373836
-0.020581,0.986091,-0.164927,0.339473
-0.489801,-0.153755,-0.858169,4.258015
0.000000,0.000000,0.000000,1.000000

-0.871573,0.063121,0.486186,-1.373820
-0.020637,0.986075,-0.165018,0.339418
-0.489831,-0.153859,-0.858133,4.256955
0.000000,0.000000,0.000000,1.000000

-0.871554,0.063123,0.486219,-1.373803
-0.020694,0.986058,-0.165109,0.339363
-0.489862,-0.153963,-0.858097,4.255890
0.000000,0.000000,0.000000,1.000000

-0.871535,0.063126,0.486252,-1.373787
-0.020750,0.986042,-0.165200,0.339308
-0.489893,-0.154067,-0.858060,4.254820
0.000000,0.000000,0.000000,1.000000

-0.871516,0.063128,0.486286,-1.373770
-0.020806,0.986025,-0.165291,0.339252
-0.489925,-0.154171,-0.858024,4.253744
0.000000,0.000000,0.000000,1.000000

-0.871497,0.063130,0.486320,-1.373754
-0.020863,0.986009,-0.165382,0.339197
-0.489957,-0.154275,-0.857987,4.252664
0.000000,0.000000,0.000000,1.000000

-0.871478,0.063132,0.486355,-1.373737
-0.020919,0.985992,-0.165473,0.339141
-0.489989,-0.154380,-0.857950,4.251578
0.000000,0.000000,0.000000,1.000000

-0.871458,0.063134,0.486389,-1.373720
-0.020976,0.985976,-0.165564,0.339085
-0.490021,-0.154484,-0.857913,4.250487
0.000000,0.000000,0.000000,1.000000

-0.871439,0.063136,0.486424,-1.373703
-0.021033,0.985959,-0.165655,0.339030
-0.490053,-0.154589,-0.857875,4.249391
0.000000,0.000000,0.000000,1.000000

-0.871419,0.063139,0.486459,-1.373685
-0.021089,0.985943,-0.165746,0.338974
-0.490086,-0.154694,-0.857838,4.248290
0.000000,0.000000,0.000000,1.000000

-0.871399,0.063141,0.486495,-1.373668
-0.021146,0.985926,-0.165838,0.338918
-0.490119,-0.154799,-0.857800,4.247184
0.000000,0.000000,0.000000,1.000000

-0.871379,0.063143,0.486530,-1.373651
-0.021203,0.985910,-0.165929,0.338861
-0.490152,-0.154904,-0.857762,4.246073
0.000000,0.000000,0.000000,1.000000

-0.871359,0.063146,0.486566,-1.373633
-0.021261,0.985893,-0.166021,0.338805
-0.490186,-0.155009,-0.857724,4.244957
0.000000,0.000000,0.000000,1.000000

-0.871338,0.063148,0.486603,-1.373615
-0.021318,0.985876,-0.166113,0.338749
-0.490220,-0.155114,-0.857685,4.243835
0.000000,0.000000,0.000000,1.000000

-0.871318,0.063150,0.486639,-1.373597
-0.021375,0.985860,-0.166205,0.338692
-0.490254,-0.155219,-0.857647,4.242709
0.000000,0.000000,0.000000,1.000000

-0.871297,0.063152,0.486676,-1.373579
-0.021433,0.985843,-0.166296,0.338635
-0.490288,-0.155324,-0.857608,4.241577
0.000000,0.000000,0.000000,1.000000

-0.871276,0.063155,0.486713,-1.373561
-0.021490,0.985826,-0.166388,0.338579
-0.490323,-0.155430,-0.857569,4.240440
0.000000,0.000000,0.000000,1.000000

-0.871255,0.063157,0.486751,-1.373542
-0.021548,0.985809,-0.166481,0.338522
-0.490358,-0.155535,-0.857530,4.239298
0.000000,0.000000,0.000000,1.000000

-0.871234,0.063160,0.486788,-1.373524
-0.021605,0.985792,-0.166573,0.338465
-0.490393,-0.155641,-0.857491,4.238151
0.000000,0.000000,0.000000,1.000000

-0.871212,0.063162,0.486826,-1.373505
-0.021663,0.985776,-0.166665,0.338408
-0.490428,-0.155747,-0.857451,4.236999
0.000000,0.000000,0.000000,1.000000

-0.871191,0.063164,0.486865,-1.373486
-0.021721,0.985759,-0.166757,0.338350
-0.490464,-0.155853,-0.857412,4.235842
0.000000,0.000000,0.000000,1.000000

-0.871169,0.063167,0.486903,-1.373467
-0.021779,0.985742,-0.166850,0.338293
-0.490500,-0.155959,-0.857372,4.234679
0.000000,0.000000,0.000000,1.000000

-0.871147,0.063169,0.486942,-1.373448
-0.021837,0.985725,-0.166942,0.338235
-0.490536,-0.156065,-0.857332,4.233512
0.000000,0.000000,0.000000,1.000000

-0.871125,0.063172,0.486981,-1.373429
-0.021896,0.985708,-0.167035,0.338178
-0.490573,-0.156171,-0.857292,4.232339
0.000000,0.000000,0.000000,1.000000

-0.871103,0.063174,0.487020,-1.373410
-0.021954,0.985691,-0.167127,0.338120
-0.490610,-0.156277,-0.857251,4.231162
0.000000,0.000000,0.000000,1.000000

-0.871080,0.063177,0.487060,-1.373390
-0.022012,0.985674,-0.167220,0.338062
-0.490647,-0.156384,-0.857210,4.229979
0.000000,0.000000,0.000000,1.000000

-0.871058,0.063179,0.487100,-1.373371
-0.022071,0.985657,-0.167313,0.338004
-0.490684,-0.156490,-0.857170,4.228791
0.000000,0.000000,0.000000,1.000000

-0.871035,0.063182,0.487140,-1.373351
-0.022130,0.985640,-0.167406,0.337946
-0.490722,-0.156597,-0.857129,4.227598
0.000000,0.000000,0.000000,1.000000

-0.871012,0.063184,0.487181,-1.373331
-0.022188,0.985623,-0.167499,0.337888
-0.490760,-0.156703,-0.857087,4.226400
0.000000,0.000000,0.000000,1.000000

-0.870989,0.063187,0.487222,-1.373311
-0.022247,0.985605,-0.167592,0.337829
-0.490798,-0.156810,-0.857046,4.225197
0.000000,0.000000,0.000000,1.000000

-0.870966,0.063190,0.487263,-1.373291
-0.022306,0.985588,-0.167685,0.337771
-0.490836,-0.156917,-0.857004,4.223988
0.000000,0.000000,0.000000,1.000000

-0.870943,0.063192,0.487304,-1.373270
-0.022365,0.985571,-0.167779,0.337712
-0.490875,-0.157024,-0.856963,4.222775
0.000000,0.000000,0.000000,1.000000

-0.870919,0.063195,0.487346,-1.373250
-0.022424,0.985554,-0.167872,0.337653
-0.490914,-0.157131,-0.856921,4.221556
0.000000,0.000000,0.000000,1.000000

-0.870896,0.063198,0.487388,-1.373229
-0.022484,0.985536,-0.167966,0.337594
-0.490953,-0.157239,-0.856879,4.220333
0.000000,0.000000,0.000000,1.000000

-0.870872,0.063200,0.487430,-1.373208
-0.022543,0.985519,-0.168059,0.337535
-0.490993,-0.157346,-0.856836,4.219104
0.000000,0.000000,0.000000,1.000000

-0.870848,0.063203,0.487472,-1.373187
-0.022602,0.985502,-0.168153,0.337476
-0.491033,-0.157454,-0.856794,4.217870
0.000000,0.000000,0.000000,1.000000

-0.870824,0.063206,0.487515,-1.373166
-0.022662,0.985484,-0.168247,0.337417
-0.491073,-0.157561,-0.856751,4.216631
0.000000,0.000000,0.000000,1.000000

-0.870799,0.063208,0.487558,-1.373145
-0.022722,0.985467,-0.168340,0.337357
-0.491113,-0.157669,-0.856708,4.215387
0.000000,0.000000,0.000000,1.000000

-0.870775,0.063211,0.487602,-1.373124
-0.022781,0.985450,-0.168434,0.337298
-0.491154,-0.157777,-0.856665,4.214138
0.000000,0.000000,0.000000,1.000000

-0.870750,0.063214,0.487645,-1.373102
-0.022841,0.985432,-0.168528,0.337238
-0.491195,-0.157885,-0.856621,4.212884
0.000000,0.000000,0.000000,1.000000

-0.870726,0.063217,0.487689,-1.373080
-0.022901,0.985415,-0.168622,0.337178
-0.491236,-0.157993,-0.856578,4.211625
0.000000,0.000000,0.000000,1.000000

-0.870701,0.063219,0.487733,-1.373059
-0.022961,0.985397,-0.168717,0.337119
-0.491277,-0.158101,-0.856534,4.210361
0.000000,0.000000,0.000000,1.000000

-0.870675,0.063222,0.487778,-1.373037
-0.023022,0.985380,-0.168811,0.337058
-0.491319,-0.158209,-0.856490,4.209091
0.000000,0.000000,0.000000,1.000000

-0.870650,0.063225,0.487823,-1.373014
-0.023082,0.985362,-0.168905,0.336998
-0.491361,-0.158317,-0.856446,4.207817
0.000000,0.000000,0.000000,1.000000

-0.870625,0.063228,0.487868,-1.372992
-0.023142,0.985344,-0.169000,0.336938
-0.491403,-0.158426,-0.856402,4.206537
0.000000,0.000000,0.000000,1.000000

-0.870599,0.063231,0.487913,-1.372970
-0.023203,0.985327,-0.169094,0.336877
-0.491446,-0.158534,-0.856357,4.205253
0.000000,0.000000,0.000000,1.000000

-0.870573,0.063234,0.487959,-1.372947
-0.023263,0.985309,-0.169189,0.336817
-0.491489,-0.158643,-0.856313,4.203963
0.000000,0.000000,0.000000,1.000000

-0.870547,0.063237,0.488005,-1.372925
-0.023324,0.985291,-0.169284,0.336756
-0.491532,-0.158752,-0.856268,4.202668
0.000000,0.000000,0.000000,1.000000

-0.870521,0.063240,0.488051,-1.372902
-0.023385,0.985274,-0.169379,0.336695
-0.491575,-0.158861,-0.856223,4.201368
0.000000,0.000000,0.000000,1.000000

-0.870495,0.063243,0.488098,-1.372879
-0.023446,0.985256,-0.169474,0.336634
-0.491619,-0.158970,-0.856177,4.200063
0.000000,0.000000,0.000000,1.000000

-0.870468,0.063245,0.488144,-1.372856
-0.023507,0.985238,-0.169569,0.336573
-0.491663,-0.159079,-0.856132,4.198753
0.000000,0.000000,0.000000,1.000000

-0.870442,0.063248,0.488191,-1.372832
-0.023568,0.985220,-0.169664,0.336512
-0.491707,-0.159188,-0.856086,4.197438
0.000000,0.000000,0.000000,1.000000

-0.870415,0.063251,0.488239,-1.372809
-0.023630,0.985202,-0.169759,0.336451
-0.491752,-0.159298,-0.856040,4.196118
0.000000,0.000000,0.000000,1.000000

-0.870388,0.063254,0.488287,-1.372785
-0.023691,0.985184,-0.169854,0.336389
-0.491796,-0.159407,-0.855994,4.194793
0.000000,0.000000,0.000000,1.000000

-0.870361,0.063258,0.488334,-1.372762
-0.023752,0.985166,-0.169950,0.336327
-0.491841,-0.159517,-0.855948,4.193462
0.000000,0.000000,0.000000,1.000000

-0.870333,0.063261,0.488383,-1.372738
-0.023814,0.985148,-0.170045,0.336266
-0.491887,-0.159626,-0.855901,4.192127
0.000000,0.000000,0.000000,1.000000

-0.870306,0.063264,0.488431,-1.372714
-0.023876,0.985130,-0.170141,0.336204
-0.491932,-0.159736,-0.855855,4.190786
0.000000,0.000000,0.000000,1.000000

-0.870278,0.063267,0.488480,-1.372689
-0.023938,0.985112,-0.170237,0.336142
-0.491978,-0.159846,-0.855808,4.189441
0.000000,0.000000,0.000000,1.000000

-0.870251,0.063270,0.488529,-1.372665
-0.024000,0.985094,-0.170332,0.336079
-0.492024,-0.159956,-0.855760,4.188090
0.000000,0.000000,0.000000,1.000000

